2 2593.347
4 1449.847
6 1340.644
8 1789.480
10 1738.903
12 1633.362
14 1318.113
16 1419.615
18 1336.729
20 1531.918
22 1861.464
24 1712.255
2 2561.770
4 1420.673
6 1339.208
8 1080.688
10 1447.696
12 1422.271
14 1306.554
16 1484.791
18 1341.315
20 1381.708
22 1353.799
24 1384.880
2 2605.454
4 1396.303
6 1359.493
8 1255.542
10 1471.960
12 1441.405
14 1396.109
16 1418.725
18 1412.693
20 1354.574
22 1399.462
24 1457.138
2 2492.148
4 1376.009
6 1369.108
8 1030.300
10 1447.479
12 1449.582
14 1348.840
16 1433.745
18 1409.391
20 1339.516
22 1439.318
24 1441.988
2 2505.915
4 1541.420
6 1346.931
8 1117.816
10 1445.169
12 1417.448
14 1340.241
16 1434.191
18 1358.144
20 1358.786
22 1380.531
24 1410.793
2 2457.564
4 1413.424
6 1383.478
8 1245.304
10 1472.010
12 1398.257
14 1387.514
16 1419.113
18 1365.873
20 1380.360
22 1376.205
24 1429.937
2 2480.638
4 1380.697
6 1385.540
8 1215.267
10 1469.308
12 1464.992
14 1397.450
16 1523.163
18 1401.027
20 1390.285
22 1431.454
24 1486.978
2 2603.263
4 1453.383
6 1384.920
8 1268.590
10 1489.970
12 1381.053
14 1396.468
16 1450.016
18 1398.320
20 1446.674
22 1430.908
24 1415.044
2 2547.955
4 1454.209
6 1397.788
8 1249.475
10 1473.967
12 1425.020
14 1396.953
16 1468.968
18 1401.372
20 1435.583
22 1397.912
24 1390.543
2 2602.678
4 1451.874
6 1344.789
8 1212.300
10 1491.109
12 1398.846
14 1366.871
16 1466.103
18 1393.000
20 1305.597
22 1382.502
24 1397.644
2 2781.728
4 1600.132
6 1374.180
8 2758.976
10 1721.997
12 1715.873
14 1707.646
16 1798.720
18 1756.045
20 1732.425
22 1751.866
24 1822.798
2 2714.975
4 1642.853
6 1386.411
8 2823.085
10 1799.354
12 1771.286
14 1871.970
16 1907.338
18 1791.793
20 1865.424
22 1906.006
24 1926.782
2 2782.433
4 1749.239
6 1364.635
8 2991.560
10 1795.650
12 1783.962
14 1809.350
16 1884.407
18 1819.671
20 1832.860
22 1787.452
24 1925.324
2 2769.877
4 1627.574
6 1366.044
8 2733.951
10 1812.585
12 1804.668
14 1841.794
16 1935.165
18 1832.554
20 1907.379
22 1848.302
24 1861.863
2 2739.161
4 1634.851
6 1377.573
8 2805.213
10 1814.785
12 1731.662
14 1729.166
16 1783.700
18 1751.109
20 1936.173
22 1906.008
24 1909.677
2 2843.556
4 1684.767
6 1365.232
8 2825.898
10 1779.034
12 1714.748
14 1790.152
16 1862.861
18 1721.563
20 1781.345
22 1804.792
24 1925.792
2 2787.587
4 1589.083
6 1358.036
8 2832.627
10 1778.576
12 1794.061
14 1859.240
16 1880.699
18 1758.117
20 1851.411
22 1834.462
24 1889.126
2 2805.654
4 1594.959
6 1346.543
8 2631.557
10 1779.668
12 1748.809
14 1700.646
16 1916.776
18 1828.368
20 1908.478
22 1886.348
24 1871.055
2 2759.641
4 1616.001
6 1355.657
8 2666.588
10 1707.531
12 1691.889
14 1769.883
16 1867.542
18 1859.737
20 1884.594
22 1827.718
24 1948.377
2 2773.504
4 1618.587
6 1350.276
8 2653.290
10 1726.438
12 1735.000
14 1812.709
16 1820.602
18 1748.179
20 1869.136
22 1940.995
24 1855.579
