2 4995.678
4 2740.024
6 2272.586
8 2145.719
10 1991.681
12 1959.206
14 1955.837
16 1984.484
18 1990.338
20 2018.663
22 1986.864
24 2020.736
2 4968.623
4 2751.842
6 2220.935
8 1915.015
10 2022.791
12 1948.732
14 1957.113
16 1984.759
18 1977.689
20 2008.132
22 1991.218
24 2017.073
2 5004.800
4 2726.690
6 2256.256
8 1930.127
10 1947.127
12 1972.700
14 1988.298
16 1989.587
18 1986.240
20 1987.928
22 1995.863
24 1997.548
2 4962.406
4 2752.691
6 2243.240
8 1935.637
10 1979.810
12 1978.375
14 1974.087
16 1983.776
18 1964.860
20 1961.451
22 1972.843
24 2016.397
2 5027.119
4 2741.498
6 2219.950
8 1991.832
10 1973.517
12 1967.658
14 1951.810
16 1975.638
18 1995.613
20 1989.032
22 2007.334
24 2024.283
2 4953.708
4 2740.446
6 2212.907
8 2015.023
10 1982.362
12 2004.138
14 1995.215
16 1981.593
18 1982.918
20 2003.082
22 2050.661
24 1995.689
2 5018.170
4 2775.482
6 2232.623
8 2006.679
10 1973.097
12 1968.487
14 1964.648
16 2003.614
18 1964.321
20 2008.087
22 2026.129
24 1996.860
2 5005.040
4 2799.637
6 2222.704
8 2015.876
10 1954.664
12 1976.977
14 1972.717
16 1998.349
18 1966.301
20 2011.164
22 2001.027
24 1992.201
2 5030.075
4 2776.406
6 2242.268
8 2042.147
10 1968.925
12 1968.638
14 1960.305
16 1995.953
18 1953.455
20 2014.055
22 1987.163
24 2003.721
2 4947.592
4 2745.965
6 2225.652
8 2006.544
10 1927.978
12 1979.406
14 1981.376
16 1969.091
18 2002.734
20 1980.982
22 2000.094
24 2015.678
2 5401.096
4 2915.537
6 2351.363
8 3785.758
10 2405.245
12 2390.707
14 2414.684
16 2412.114
18 2494.458
20 2495.888
22 2541.114
24 2521.952
2 5409.989
4 2919.335
6 2335.280
8 3505.174
10 2270.369
12 2344.223
14 2415.043
16 2411.733
18 2469.157
20 2469.500
22 2499.212
24 2494.717
2 5416.728
4 3030.732
6 2378.872
8 3722.406
10 2356.429
12 2371.977
14 2475.875
16 2414.743
18 2606.245
20 2612.041
22 2475.471
24 2156.311
2 5391.021
4 2823.639
6 2448.419
8 2148.313
10 2017.419
12 2201.910
14 2206.081
16 2116.883
18 2114.712
20 2219.035
22 2177.706
24 2163.747
2 5124.802
4 2695.337
6 2270.737
8 2826.516
10 1957.326
12 1984.474
14 2206.835
16 2427.665
18 2057.865
20 2029.316
22 2073.943
24 2199.192
2 5269.469
4 2886.443
6 2236.721
8 2210.428
10 2027.851
12 1982.675
14 2058.741
16 1971.563
18 2084.397
20 2000.114
22 2107.663
24 2092.021
2 5128.372
4 2758.225
6 2221.039
8 1980.474
10 1955.885
12 2080.461
14 2041.868
16 2193.970
18 2117.914
20 2038.324
22 2020.833
24 2016.348
2 5176.260
4 2742.485
6 2221.590
8 2247.806
10 2056.489
12 1976.569
14 1960.789
16 2218.004
18 2029.459
20 2225.167
22 2192.933
24 2035.130
2 4992.900
4 2738.621
6 2297.171
8 2039.941
10 2149.717
12 2244.003
14 2449.750
16 2541.087
18 2653.983
20 2567.934
22 2309.016
24 2652.938
2 5265.829
4 2750.698
6 2317.894
8 2495.814
10 2274.043
12 2355.923
14 2116.371
16 2139.654
18 2109.181
20 2269.273
22 2177.872
24 2200.307
