2 74.383
4 69.198
6 68.964
8 66.798
10 66.779
12 66.815
14 66.702
16 66.729
18 66.548
20 66.536
22 66.529
24 66.542
2 66.597
4 66.473
6 66.481
8 66.498
10 66.528
12 66.412
14 66.451
16 66.540
18 66.552
20 66.553
22 66.511
24 66.431
2 66.495
4 66.542
6 66.468
8 66.559
10 66.472
12 66.560
14 66.444
16 66.681
18 66.549
20 66.530
22 66.485
24 66.577
2 66.537
4 66.588
6 66.594
8 66.532
10 66.537
12 66.561
14 66.568
16 66.486
18 66.429
20 66.535
22 66.585
24 66.541
2 66.530
4 66.469
6 66.557
8 66.697
10 66.491
12 66.621
14 66.581
16 66.580
18 66.590
20 66.354
22 66.590
24 66.639
2 66.710
4 66.550
6 66.603
8 66.512
10 66.567
12 66.589
14 66.581
16 66.460
18 66.483
20 66.509
22 66.578
24 66.573
2 66.530
4 66.539
6 66.537
8 66.473
10 66.526
12 66.578
14 66.521
16 66.538
18 66.396
20 66.544
22 66.576
24 66.492
2 66.712
4 66.572
6 66.529
8 66.486
10 66.541
12 66.527
14 66.511
16 66.538
18 66.689
20 66.555
22 66.517
24 66.538
2 66.457
4 66.533
6 66.573
8 66.532
10 66.532
12 66.555
14 66.709
16 66.586
18 66.526
20 66.661
22 66.647
24 66.706
2 66.386
4 66.528
6 66.493
8 66.548
10 66.448
12 66.489
14 66.519
16 66.523
18 66.566
20 66.557
22 66.564
24 66.418
2 74.148
4 74.027
6 67.693
8 66.605
10 66.564
12 66.464
14 66.563
16 66.517
18 66.574
20 66.548
22 66.563
24 66.582
2 66.546
4 66.454
6 66.530
8 66.536
10 66.498
12 66.536
14 66.552
16 66.696
18 66.561
20 66.554
22 66.505
24 66.553
2 66.522
4 66.494
6 66.567
8 66.443
10 66.576
12 66.548
14 66.570
16 66.524
18 66.445
20 66.565
22 66.664
24 66.730
2 66.325
4 66.569
6 66.530
8 66.550
10 66.550
12 66.520
14 66.547
16 66.537
18 66.526
20 66.562
22 66.566
24 66.521
2 66.554
4 66.551
6 66.572
8 66.555
10 66.666
12 66.532
14 66.513
16 66.523
18 66.515
20 66.572
22 66.534
24 66.534
2 66.574
4 66.565
6 66.570
8 66.523
10 66.724
12 66.667
14 66.635
16 66.534
18 66.464
20 66.584
22 66.546
24 66.380
2 66.558
4 66.485
6 66.528
8 66.469
10 66.447
12 66.547
14 66.529
16 66.553
18 66.564
20 66.461
22 66.551
24 66.540
2 66.693
4 66.697
6 66.531
8 66.553
10 66.562
12 66.480
14 66.564
16 66.510
18 66.508
20 66.493
22 66.503
24 66.525
2 66.530
4 66.444
6 66.500
8 66.474
10 66.545
12 66.573
14 66.553
16 66.528
18 66.520
20 66.522
22 66.526
24 66.503
2 66.719
4 66.510
6 66.469
8 66.526
10 66.565
12 66.551
14 66.571
16 66.596
18 66.528
20 66.466
22 66.537
24 66.527
