2 6911.348
4 6874.506
6 6876.949
8 7095.909
10 6864.505
12 6869.008
14 7009.553
16 6942.161
18 6923.847
20 7102.585
22 6907.166
24 6877.009
2 6935.926
4 6913.366
6 6901.853
8 7098.819
10 7047.752
12 7009.813
14 6881.449
16 6913.607
18 6939.822
20 7081.793
22 6855.413
24 6876.830
2 7063.325
4 6920.256
6 6933.787
8 6921.410
10 6884.055
12 6876.211
14 6836.987
16 6930.864
18 6946.959
20 6945.251
22 6941.775
24 6999.813
2 6947.877
4 6940.404
6 6910.841
8 6934.967
10 6893.546
12 6921.737
14 6932.264
16 6930.307
18 7058.892
20 7002.545
22 7190.964
24 6912.301
2 6910.768
4 7023.828
6 7015.753
8 6924.424
10 6954.617
12 6952.529
14 7027.353
16 6859.786
18 6915.992
20 6897.261
22 6917.987
24 6900.606
2 6865.229
4 7147.979
6 6922.172
8 6847.146
10 7022.903
12 7062.656
14 6893.412
16 6971.463
18 6956.784
20 6924.705
22 6920.522
24 6888.107
2 6960.473
4 6974.532
6 6920.177
8 6916.948
10 6864.720
12 6962.403
14 7044.376
16 6930.087
18 7014.044
20 6972.555
22 7068.297
24 6958.355
2 6947.963
4 6954.548
6 6926.604
8 6927.375
10 6903.948
12 6868.235
14 6939.978
16 7004.346
18 6862.076
20 6907.953
22 6934.964
24 6943.545
2 6920.967
4 6894.661
6 6950.652
8 6910.350
10 6944.457
12 6886.173
14 6891.091
16 6869.992
18 6949.345
20 7024.269
22 6958.034
24 7059.927
2 6998.245
4 6943.780
6 6945.065
8 6907.641
10 6890.555
12 6886.021
14 6926.597
16 6982.362
18 6942.911
20 6968.242
22 6964.667
24 6937.782
2 6930.214
4 6984.138
6 6953.524
8 6965.065
10 7037.419
12 7036.216
14 6938.434
16 6853.352
18 6920.585
20 7031.859
22 6888.901
24 6980.837
2 6866.889
4 6919.255
6 6941.015
8 6983.067
10 6892.681
12 6986.583
14 6929.252
16 7004.604
18 6875.577
20 6899.207
22 6844.861
24 6878.443
2 6938.838
4 6922.023
6 6955.130
8 6971.611
10 7103.800
12 6849.566
14 6874.053
16 6811.174
18 6915.569
20 6813.642
22 6840.774
24 6879.911
2 6903.698
4 6912.148
6 6944.965
8 6885.395
10 6916.463
12 6837.540
14 6933.589
16 6904.742
18 6886.521
20 6862.548
22 6851.210
24 6940.443
2 6853.534
4 6873.073
6 6844.765
8 6839.348
10 6920.330
12 6974.214
14 6852.351
16 7121.905
18 6925.894
20 6910.076
22 6963.756
24 7016.650
2 6812.473
4 6889.749
6 6962.221
8 6970.634
10 6895.842
12 6940.881
14 6878.237
16 6886.175
18 6920.220
20 6936.824
22 7171.630
24 7020.697
2 7303.740
4 7440.475
6 7019.684
8 6936.453
10 6873.073
12 6985.812
14 7010.463
16 7292.009
18 7028.778
20 7038.995
22 6987.951
24 7038.501
2 7003.839
4 7045.508
6 6920.135
8 7065.581
10 7064.114
12 7000.537
14 6999.936
16 6994.705
18 7025.293
20 7089.624
22 7038.704
24 7032.285
2 6966.233
4 7088.376
6 6944.093
8 6976.885
10 6969.454
12 7097.801
14 7178.828
16 7186.405
18 7009.822
20 7026.198
22 7044.904
24 7164.245
2 7086.491
4 6907.762
6 7014.978
8 6951.848
10 7038.435
12 7291.855
14 7124.578
16 7057.320
18 7069.151
20 7060.388
22 7058.504
24 7014.354
