2 4601.217
4 2501.354
6 2411.764
8 1912.883
10 2524.857
12 2405.834
14 2320.733
16 2437.049
18 2439.194
20 2427.628
22 2498.500
24 2504.032
2 4475.117
4 2531.383
6 2448.819
8 2015.441
10 2553.797
12 2409.822
14 2344.651
16 2501.206
18 2442.302
20 2400.891
22 2464.422
24 2464.508
2 4553.743
4 2578.771
6 2434.180
8 1921.334
10 2564.556
12 2435.569
14 2294.454
16 2444.179
18 2430.358
20 2435.143
22 2476.980
24 2522.600
2 4565.824
4 2478.340
6 2460.454
8 1950.163
10 2571.977
12 2431.421
14 2399.825
16 2499.436
18 2513.362
20 2431.123
22 2453.689
24 2517.125
2 4605.326
4 2610.986
6 2415.697
8 2010.200
10 2531.460
12 2447.028
14 2338.894
16 2550.757
18 2434.810
20 2490.934
22 2541.404
24 2609.032
2 4573.408
4 2523.216
6 2443.085
8 1999.495
10 2574.120
12 2482.297
14 2374.994
16 2486.129
18 2501.881
20 2478.986
22 2490.973
24 2558.242
2 4522.454
4 2564.037
6 2395.629
8 1971.363
10 2635.075
12 2488.813
14 2351.340
16 2479.398
18 2481.228
20 2470.840
22 2477.112
24 2582.067
2 4591.260
4 2602.622
6 2471.150
8 2004.789
10 2557.798
12 2436.560
14 2274.602
16 2596.664
18 2465.165
20 2450.562
22 2493.439
24 2524.723
2 4527.297
4 2477.944
6 2396.572
8 1967.014
10 2577.808
12 2383.750
14 2352.780
16 2509.117
18 2412.590
20 2422.498
22 2525.898
24 2555.562
2 4544.785
4 2623.401
6 2443.461
8 2059.652
10 2520.923
12 2454.449
14 2397.022
16 2482.529
18 2435.343
20 2445.967
22 2488.232
24 2535.892
2 4978.432
4 2890.671
6 2448.535
8 4045.995
10 2989.558
12 2875.066
14 3019.026
16 3162.728
18 3029.951
20 3001.287
22 2968.807
24 2994.731
2 5093.939
4 2902.616
6 2435.744
8 4164.011
10 3028.216
12 3043.043
14 3095.710
16 3175.906
18 3137.278
20 3149.517
22 3081.421
24 3142.812
2 5068.372
4 2810.035
6 2421.783
8 4133.777
10 3013.397
12 2952.976
14 3100.108
16 3181.613
18 3114.997
20 3041.785
22 3020.508
24 3011.800
2 5060.850
4 2844.349
6 2405.320
8 4000.412
10 3024.540
12 3024.355
14 3093.621
16 3191.090
18 3109.577
20 3191.608
22 3170.233
24 3207.832
2 4944.794
4 2625.470
6 2511.809
8 4401.875
10 3173.299
12 2988.096
14 3128.812
16 3211.622
18 3114.198
20 3183.367
22 3215.576
24 3126.648
2 5025.822
4 3024.045
6 2429.318
8 4161.428
10 2966.984
12 2932.509
14 3129.117
16 3247.908
18 3152.174
20 3181.446
22 3162.561
24 3072.419
2 5066.759
4 2975.321
6 2425.769
8 4207.760
10 2953.119
12 3022.469
14 3049.893
16 3144.867
18 3063.676
20 3106.098
22 3067.377
24 3024.312
2 5009.953
4 2914.989
6 2438.461
8 4096.215
10 3049.008
12 3042.412
14 3100.007
16 3186.974
18 3103.862
20 3086.611
22 3090.187
24 3148.132
2 4979.787
4 2929.955
6 2441.049
8 4085.592
10 2976.475
12 2963.291
14 3059.919
16 3002.442
18 3047.896
20 3038.519
22 3024.131
24 3118.391
2 4940.751
4 2964.805
6 2427.491
8 4119.753
10 3030.445
12 2958.787
14 2965.413
16 3120.620
18 3002.062
20 3040.606
22 3102.839
24 3106.003
