2 6593.939
4 3513.838
6 3289.647
8 2834.391
10 3520.017
12 3381.746
14 3310.926
16 3461.095
18 3523.026
20 3499.196
22 3425.082
24 3461.316
2 6637.424
4 3525.588
6 3284.996
8 2633.016
10 3439.217
12 3195.911
14 3239.383
16 3365.256
18 3286.452
20 3324.594
22 3327.238
24 3379.161
2 6606.357
4 3493.624
6 3273.774
8 2686.718
10 3424.299
12 3262.263
14 3091.199
16 3231.318
18 3257.974
20 3257.105
22 3363.743
24 3408.013
2 6623.027
4 3529.018
6 3303.810
8 2718.186
10 3442.546
12 3274.234
14 3136.749
16 3284.982
18 3285.141
20 3258.966
22 3357.110
24 3395.131
2 6593.450
4 3533.667
6 3281.409
8 2560.349
10 3437.225
12 3274.161
14 3090.601
16 3304.465
18 3302.528
20 3325.150
22 3350.881
24 3370.106
2 6611.662
4 3590.717
6 3293.247
8 4256.176
10 3599.749
12 3224.504
14 3111.758
16 3218.928
18 3258.017
20 3274.044
22 3257.591
24 3421.333
2 6557.260
4 3489.796
6 3251.133
8 2728.548
10 3410.220
12 3158.318
14 3092.950
16 3194.028
18 3259.229
20 3242.740
22 3314.993
24 3346.955
2 6655.102
4 3578.459
6 3268.817
8 2711.048
10 3414.442
12 3173.412
14 3085.555
16 3278.738
18 3262.938
20 3294.099
22 3315.126
24 3330.821
2 6563.474
4 3488.513
6 3279.803
8 2619.979
10 3421.643
12 3241.237
14 3087.173
16 3226.460
18 3255.939
20 3293.511
22 3333.510
24 3330.579
2 6589.322
4 3509.687
6 3275.803
8 2564.959
10 3478.632
12 3234.786
14 3047.839
16 3247.622
18 3274.105
20 3283.277
22 3260.425
24 3304.724
2 6889.662
4 3928.298
6 3240.176
8 5045.165
10 3860.202
12 3691.063
14 3831.066
16 3815.616
18 3813.911
20 3942.681
22 4001.816
24 4002.994
2 6779.727
4 3847.553
6 3247.840
8 5024.282
10 3794.800
12 3766.074
14 3818.130
16 3853.708
18 3813.576
20 3798.401
22 3819.175
24 3874.746
2 6744.187
4 3835.577
6 3253.989
8 5017.789
10 3830.584
12 3777.088
14 3741.715
16 3747.532
18 3870.817
20 3848.161
22 3847.871
24 3867.101
2 6902.640
4 3734.461
6 3241.981
8 5022.073
10 3829.605
12 3703.800
14 3688.000
16 3756.198
18 3761.842
20 3832.869
22 3847.088
24 3985.215
2 6792.522
4 3798.112
6 3247.144
8 4894.222
10 3826.015
12 3746.526
14 3817.957
16 3816.620
18 3835.676
20 3814.305
22 3913.755
24 3852.341
2 6941.298
4 3830.242
6 3244.738
8 4916.185
10 3752.267
12 3690.506
14 3755.316
16 3776.547
18 3849.996
20 3820.886
22 3883.363
24 3909.636
2 6758.808
4 3836.194
6 3246.548
8 5598.588
10 3873.109
12 3861.129
14 3829.967
16 3836.855
18 3857.092
20 3843.873
22 3903.854
24 3916.998
2 6861.769
4 3799.476
6 3214.981
8 5290.804
10 3869.586
12 3763.711
14 3793.749
16 3784.542
18 3806.249
20 3818.739
22 3931.100
24 4019.842
2 6770.292
4 3914.243
6 3261.328
8 5209.152
10 3850.384
12 3776.858
14 3784.728
16 3828.077
18 3860.312
20 3897.429
22 3935.069
24 3939.397
2 6823.906
4 3926.701
6 3235.346
8 5104.007
10 3834.921
12 3696.730
14 3720.529
16 3865.629
18 3839.120
20 3914.303
22 3928.270
24 3883.891
