2 66.698
4 67.110
6 65.519
8 65.490
10 65.464
12 65.517
14 65.534
16 65.535
18 64.708
20 64.680
22 64.499
24 64.535
2 64.571
4 64.564
6 64.551
8 64.522
10 64.491
12 64.561
14 64.531
16 64.704
18 64.829
20 64.604
22 64.677
24 64.490
2 64.346
4 64.570
6 64.541
8 64.559
10 64.547
12 64.988
14 64.482
16 64.547
18 64.527
20 64.581
22 64.552
24 65.075
2 64.554
4 64.557
6 64.469
8 64.779
10 64.530
12 64.520
14 64.477
16 64.479
18 64.523
20 64.539
22 64.530
24 64.543
2 64.645
4 64.444
6 64.527
8 64.620
10 64.562
12 64.532
14 64.494
16 64.467
18 64.517
20 64.534
22 64.557
24 64.524
2 64.450
4 64.498
6 64.533
8 64.576
10 64.567
12 64.533
14 64.556
16 64.529
18 64.512
20 64.534
22 64.552
24 64.481
2 64.543
4 64.499
6 64.501
8 64.508
10 64.622
12 64.575
14 64.518
16 64.518
18 64.488
20 64.537
22 64.519
24 64.692
2 64.491
4 64.542
6 64.486
8 64.521
10 64.528
12 64.548
14 64.516
16 64.542
18 64.536
20 64.630
22 64.525
24 64.538
2 64.506
4 64.535
6 64.500
8 64.640
10 64.524
12 64.574
14 64.547
16 64.513
18 64.523
20 64.539
22 64.531
24 64.536
2 64.563
4 64.717
6 64.535
8 64.572
10 64.564
12 64.648
14 64.538
16 64.606
18 64.536
20 64.407
22 64.552
24 64.570
2 66.482
4 65.475
6 65.630
8 65.804
10 65.581
12 65.641
14 65.623
16 64.582
18 64.496
20 64.535
22 64.559
24 64.603
2 64.514
4 64.608
6 64.560
8 64.486
10 64.473
12 64.570
14 64.533
16 64.736
18 64.581
20 64.555
22 64.635
24 64.548
2 64.575
4 64.465
6 64.500
8 64.584
10 64.577
12 64.581
14 64.584
16 64.489
18 64.553
20 64.555
22 64.747
24 64.558
2 64.581
4 64.581
6 64.569
8 64.547
10 64.615
12 64.560
14 64.564
16 64.572
18 64.564
20 64.555
22 64.563
24 64.559
2 64.461
4 64.574
6 64.536
8 64.567
10 64.567
12 64.773
14 64.545
16 64.564
18 64.556
20 64.535
22 64.538
24 64.683
2 64.609
4 64.508
6 64.629
8 64.703
10 64.556
12 64.720
14 64.570
16 64.745
18 64.742
20 64.575
22 64.505
24 64.845
2 64.744
4 64.441
6 64.584
8 64.445
10 64.547
12 64.545
14 64.731
16 64.506
18 64.605
20 64.557
22 64.552
24 64.546
2 64.576
4 64.718
6 64.627
8 64.471
10 64.607
12 64.565
14 64.612
16 64.541
18 64.574
20 64.518
22 64.588
24 64.568
2 64.574
4 64.556
6 64.561
8 64.592
10 64.579
12 64.492
14 64.767
16 64.718
18 64.493
20 64.762
22 64.680
24 64.511
2 64.578
4 64.499
6 64.551
8 64.526
10 64.550
12 64.501
14 64.546
16 64.594
18 64.645
20 64.563
22 64.589
24 64.483
