2 2638.794
4 1492.488
6 1411.971
8 1497.877
10 1579.120
12 1607.676
14 1613.346
16 1593.303
18 1598.939
20 1629.920
22 1641.772
24 1674.201
2 2640.137
4 1517.044
6 1447.090
8 1395.922
10 1557.969
12 1641.628
14 1594.325
16 1615.763
18 1631.737
20 1640.433
22 1661.729
24 1661.588
2 2661.857
4 1524.978
6 1422.231
8 1499.520
10 1567.478
12 1605.866
14 1619.216
16 1632.737
18 1628.744
20 1667.054
22 1661.244
24 1657.498
2 2646.923
4 1521.146
6 1425.047
8 1409.158
10 1529.861
12 1614.473
14 1599.013
16 1625.963
18 1639.552
20 1610.929
22 1650.135
24 1644.444
2 2648.712
4 1529.297
6 1424.137
8 1406.917
10 1586.331
12 1584.371
14 1611.692
16 1583.144
18 1636.946
20 1644.186
22 1649.532
24 1672.912
2 2673.194
4 1497.051
6 1416.100
8 1394.024
10 1576.727
12 1606.857
14 1610.544
16 1609.196
18 1637.729
20 1636.535
22 1649.681
24 1670.159
2 2630.451
4 1514.827
6 1430.424
8 1431.982
10 1592.048
12 1588.645
14 1601.230
16 1621.599
18 1605.799
20 1632.412
22 1672.471
24 1646.771
2 2645.037
4 1494.760
6 1467.610
8 1488.691
10 1585.836
12 1617.653
14 1614.655
16 1612.499
18 1615.681
20 1599.094
22 1637.036
24 1673.754
2 2635.407
4 1499.868
6 1420.882
8 1410.361
10 1607.393
12 1608.758
14 1636.046
16 1602.299
18 1721.265
20 1675.340
22 1641.956
24 1677.528
2 2652.822
4 1493.064
6 1414.552
8 1816.051
10 1588.209
12 1650.972
14 1621.899
16 1665.744
18 1641.061
20 1734.636
22 1682.378
24 1707.732
2 2949.658
4 1590.032
6 1462.633
8 1778.608
10 1636.296
12 1673.888
14 1679.883
16 1721.763
18 1759.111
20 1910.907
22 1893.136
24 1749.140
2 2729.336
4 1515.317
6 1456.189
8 1721.528
10 1646.559
12 1660.407
14 1720.648
16 1680.587
18 1927.163
20 1732.978
22 1790.068
24 1747.558
2 2835.097
4 1650.346
6 1553.373
8 1962.382
10 1677.017
12 1716.326
14 1714.575
16 1791.340
18 1751.375
20 1760.466
22 1873.670
24 1894.250
2 2762.529
4 1562.165
6 1533.725
8 2077.610
10 1690.100
12 1853.161
14 1799.871
16 1714.721
18 1693.792
20 1786.494
22 1747.036
24 1933.294
2 2812.240
4 1523.987
6 1473.433
8 1625.931
10 1811.296
12 1947.432
14 1797.485
16 1858.943
18 1684.035
20 1811.677
22 1779.857
24 1686.938
2 2677.503
4 1517.864
6 1455.986
8 2124.136
10 1634.191
12 1594.695
14 1652.859
16 1753.798
18 1869.741
20 1658.720
22 1680.228
24 1750.950
2 2699.004
4 1523.741
6 1521.079
8 3301.414
10 1879.756
12 1908.185
14 1793.697
16 1634.478
18 1700.618
20 1851.266
22 1832.546
24 1919.154
2 2857.610
4 1504.766
6 1464.964
8 1507.030
10 1576.588
12 1614.952
14 1626.496
16 1629.895
18 1680.430
20 1713.349
22 1633.406
24 1790.341
2 2724.376
4 1534.715
6 1451.002
8 2022.887
10 1617.396
12 1627.847
14 1746.560
16 1687.797
18 1637.218
20 1809.580
22 1746.317
24 1632.838
2 2708.540
4 1580.340
6 1480.161
8 1441.290
10 1571.961
12 1652.113
14 1821.224
16 1677.376
18 1779.803
20 1697.527
22 1706.968
24 1802.236
