2 9327.288
4 9401.642
6 9437.172
8 9530.497
10 9430.681
12 9363.104
14 9401.085
16 9391.437
18 9428.835
20 9295.952
22 9377.923
24 9381.858
2 9330.911
4 9445.525
6 9469.422
8 9415.686
10 9402.221
12 9420.583
14 9416.663
16 9329.471
18 9378.825
20 9408.740
22 9393.399
24 9428.083
2 9334.762
4 9382.822
6 9389.816
8 9409.957
10 9535.113
12 9450.629
14 9452.831
16 9551.569
18 9348.017
20 9393.217
22 9422.705
24 9376.483
2 9278.046
4 9420.768
6 9458.096
8 9429.508
10 9622.409
12 9812.139
14 9602.724
16 9814.240
18 9461.177
20 9799.787
22 9738.723
24 9266.440
2 9360.163
4 9323.980
6 9354.754
8 9354.808
10 9391.055
12 9717.012
14 9687.696
16 9495.634
18 9481.587
20 9370.148
22 9310.344
24 9411.934
2 9710.366
4 9688.730
6 9400.960
8 9375.464
10 9416.858
12 9285.214
14 9378.936
16 9379.534
18 9458.688
20 9555.825
22 9562.713
24 9593.718
2 9411.353
4 9786.100
6 9349.342
8 9621.449
10 9643.985
12 9561.983
14 9446.162
16 9434.343
18 9616.468
20 9395.875
22 9410.016
24 9379.383
2 9368.468
4 9361.447
6 9319.677
8 9329.373
10 9444.348
12 9717.557
14 9598.038
16 9637.174
18 9492.799
20 9382.043
22 9400.772
24 9360.367
2 9523.067
4 9381.133
6 9416.086
8 9486.119
10 9366.982
12 9551.431
14 9324.436
16 9309.823
18 9321.726
20 9328.865
22 9324.876
24 9331.787
2 9282.607
4 9285.011
6 9337.328
8 9295.146
10 9692.222
12 9498.828
14 9389.833
16 9673.232
18 9921.122
20 9733.462
22 9565.711
24 9455.581
2 9900.052
4 9931.174
6 9819.657
8 9889.300
10 9921.144
12 9950.094
14 9838.178
16 9869.746
18 9867.700
20 9928.889
22 9847.997
24 10010.006
2 10041.166
4 9897.407
6 9896.475
8 9814.669
10 9903.952
12 9949.096
14 9849.232
16 9856.471
18 10011.536
20 9886.876
22 9758.900
24 9981.572
2 9875.295
4 10008.369
6 9932.797
8 9930.710
10 9955.432
12 9956.729
14 9967.596
16 9885.548
18 9959.072
20 9873.697
22 9922.522
24 9908.290
2 9961.133
4 9945.948
6 9854.986
8 9889.788
10 9874.831
12 9821.248
14 9857.908
16 9954.570
18 9954.599
20 9840.648
22 9870.271
24 9857.686
2 9932.673
4 9933.454
6 9975.689
8 9896.558
10 9938.668
12 9897.513
14 9871.854
16 9878.210
18 9909.338
20 9908.800
22 9888.593
24 9946.074
2 9863.841
4 9936.606
6 9840.836
8 9912.386
10 9890.433
12 9859.875
14 9981.804
16 9958.933
18 9844.164
20 9963.631
22 9917.167
24 9910.030
2 9939.315
4 9959.843
6 9926.496
8 9800.013
10 9929.259
12 9879.028
14 9861.781
16 9961.837
18 9948.707
20 9953.977
22 9893.573
24 9807.307
2 9854.558
4 9846.421
6 10109.641
8 9935.708
10 10013.111
12 9899.139
14 9996.492
16 9880.055
18 9975.286
20 9880.620
22 9827.160
24 9866.389
2 9908.904
4 9840.686
6 10082.531
8 9881.920
10 10018.626
12 9866.553
14 9827.401
16 9894.546
18 9909.182
20 10085.408
22 9922.297
24 9974.281
2 9861.674
4 9781.806
6 9835.234
8 9888.705
10 9948.464
12 9929.384
14 9918.201
16 10007.098
18 9955.801
20 9780.312
22 9928.323
24 9906.122
