2 5016.942
4 5108.031
6 4810.420
8 4974.327
10 4809.458
12 4995.049
14 5022.337
16 5204.047
18 4916.846
20 4917.166
22 4826.096
24 4909.298
2 4823.846
4 4812.806
6 4885.856
8 4796.632
10 4859.883
12 4857.320
14 5063.518
16 4967.675
18 4834.472
20 4943.921
22 4862.308
24 4916.874
2 4888.142
4 4888.498
6 4933.895
8 4877.931
10 4777.820
12 4929.596
14 4880.235
16 4889.316
18 4818.669
20 4873.806
22 4887.941
24 4917.238
2 4956.423
4 4895.306
6 4933.230
8 4903.697
10 4830.970
12 4904.439
14 5039.798
16 4914.479
18 4863.016
20 4782.807
22 4875.311
24 4911.270
2 4964.284
4 4839.914
6 4934.542
8 4800.075
10 4885.475
12 4881.208
14 4904.756
16 4926.424
18 4920.406
20 4857.597
22 4731.324
24 4896.900
2 4840.883
4 4851.186
6 4958.498
8 4830.859
10 4873.293
12 4870.772
14 4898.484
16 4899.136
18 4942.819
20 4841.833
22 4946.843
24 4977.736
2 4938.384
4 4896.087
6 4931.845
8 4952.677
10 4883.400
12 4915.204
14 5096.662
16 5147.591
18 4917.595
20 4847.354
22 4853.091
24 4903.549
2 4844.078
4 4889.459
6 4878.453
8 4896.620
10 4867.710
12 4915.661
14 4900.991
16 5009.021
18 4860.904
20 4895.665
22 4948.954
24 4805.284
2 4962.363
4 4841.609
6 4947.484
8 4921.715
10 5020.704
12 4963.075
14 4914.863
16 4896.071
18 5049.108
20 4913.898
22 4955.861
24 4952.641
2 4864.403
4 4971.035
6 4944.723
8 4908.498
10 4872.168
12 4888.711
14 4898.764
16 4812.719
18 4823.142
20 4880.876
22 4794.141
24 4865.099
2 5014.370
4 5054.037
6 5083.186
8 5118.324
10 5023.841
12 5043.028
14 5153.680
16 5228.937
18 6877.542
20 6735.124
22 6550.760
24 5977.528
2 5573.197
4 5250.378
6 5397.859
8 5216.070
10 5284.505
12 5195.168
14 5183.477
16 5279.539
18 5429.636
20 5177.840
22 5198.367
24 5305.301
2 5166.468
4 5268.019
6 5259.116
8 5343.233
10 5184.733
12 5365.202
14 5229.474
16 5259.516
18 5224.119
20 5206.656
22 5291.126
24 5322.533
2 5147.526
4 5303.777
6 5175.969
8 5281.671
10 5251.792
12 5359.774
14 5158.586
16 5327.596
18 5333.252
20 5280.646
22 5140.386
24 5245.080
2 5204.972
4 5315.811
6 5183.097
8 5176.466
10 5221.739
12 5210.829
14 5309.208
16 5198.583
18 5148.052
20 5130.751
22 5255.757
24 5295.473
2 5258.415
4 5310.661
6 5303.095
8 5227.385
10 5195.318
12 5250.489
14 5219.066
16 5221.017
18 5179.897
20 5335.660
22 5264.887
24 5263.029
2 5210.943
4 5261.867
6 5294.268
8 5258.716
10 5308.636
12 5227.107
14 5354.155
16 5217.063
18 5167.716
20 5212.337
22 5277.301
24 5328.453
2 5233.579
4 5321.980
6 5289.269
8 5107.284
10 5208.673
12 5168.235
14 5206.804
16 5210.939
18 5239.853
20 5209.011
22 5198.205
24 5200.456
2 5292.409
4 5248.983
6 5283.515
8 5218.867
10 5244.152
12 5290.744
14 5139.746
16 5189.965
18 5295.982
20 5312.300
22 5237.773
24 5255.172
2 5226.194
4 5262.722
6 5306.636
8 5258.597
10 5223.070
12 5243.156
14 5297.196
16 5286.272
18 5298.746
20 5261.515
22 5318.348
24 5258.457
