2 5.417
4 5.920
6 5.404
8 5.413
10 5.418
12 5.412
14 5.404
16 5.862
18 5.415
20 5.407
22 5.412
24 5.413
2 5.409
4 5.413
6 5.411
8 5.411
10 5.417
12 5.415
14 5.412
16 5.412
18 5.417
20 5.414
22 5.413
24 5.412
2 5.406
4 5.410
6 5.413
8 5.412
10 5.417
12 5.417
14 5.406
16 5.410
18 5.407
20 5.410
22 5.406
24 5.408
2 5.501
4 5.409
6 5.407
8 5.406
10 5.410
12 5.415
14 5.409
16 5.417
18 5.418
20 5.411
22 5.414
24 5.992
2 5.412
4 5.418
6 5.413
8 5.412
10 5.413
12 5.411
14 5.417
16 5.412
18 5.412
20 5.417
22 5.413
24 5.416
2 5.412
4 5.416
6 5.419
8 5.415
10 5.406
12 5.418
14 5.415
16 5.414
18 5.409
20 5.409
22 5.414
24 5.412
2 5.469
4 5.410
6 5.408
8 5.415
10 5.409
12 5.413
14 5.413
16 5.406
18 5.409
20 5.431
22 5.408
24 5.415
2 5.411
4 5.404
6 5.415
8 5.412
10 5.411
12 5.410
14 5.406
16 5.407
18 5.412
20 5.416
22 5.414
24 5.407
2 5.408
4 5.416
6 5.407
8 5.409
10 5.416
12 5.415
14 5.431
16 7.559
18 5.410
20 5.409
22 5.412
24 5.408
2 5.411
4 5.411
6 5.416
8 5.408
10 5.410
12 5.436
14 5.411
16 5.415
18 5.409
20 5.418
22 5.419
24 5.423
2 5.410
4 5.683
6 5.410
8 5.406
10 5.409
12 5.406
14 5.405
16 5.414
18 5.408
20 5.408
22 5.411
24 5.412
2 5.413
4 5.407
6 5.411
8 5.406
10 5.415
12 5.413
14 5.406
16 5.403
18 5.413
20 5.414
22 5.411
24 6.253
2 5.412
4 5.408
6 5.408
8 5.416
10 5.411
12 5.409
14 5.411
16 5.416
18 5.411
20 5.412
22 5.409
24 5.410
2 10.647
4 5.411
6 5.409
8 5.409
10 6.110
12 5.416
14 5.412
16 5.412
18 5.410
20 5.412
22 5.410
24 5.407
2 5.422
4 5.413
6 5.411
8 5.415
10 5.413
12 5.408
14 5.412
16 5.414
18 5.417
20 5.417
22 5.415
24 5.404
2 5.409
4 5.418
6 5.411
8 5.411
10 5.416
12 5.406
14 5.409
16 5.630
18 5.413
20 5.415
22 5.407
24 5.407
2 5.412
4 5.410
6 5.415
8 5.413
10 5.409
12 5.413
14 5.414
16 5.411
18 5.410
20 5.412
22 5.413
24 5.414
2 5.418
4 5.415
6 5.420
8 5.412
10 5.408
12 5.419
14 5.408
16 5.413
18 5.416
20 5.408
22 5.414
24 5.404
2 5.412
4 5.417
6 5.415
8 5.410
10 5.414
12 5.415
14 5.407
16 5.415
18 5.416
20 5.412
22 5.414
24 5.412
2 5.409
4 5.406
6 5.410
8 5.418
10 5.409
12 5.413
14 5.413
16 5.414
18 5.409
20 5.418
22 5.415
24 5.412
