2 963.651
4 962.712
6 961.490
8 962.308
10 961.739
12 961.122
14 960.006
16 961.037
18 961.068
20 960.542
22 969.458
24 967.966
2 963.730
4 986.720
6 963.488
8 960.466
10 981.028
12 962.123
14 959.407
16 960.629
18 963.317
20 962.853
22 961.121
24 961.144
2 964.205
4 960.365
6 962.071
8 960.479
10 960.844
12 962.232
14 960.262
16 959.696
18 963.707
20 960.420
22 959.879
24 962.307
2 962.543
4 960.465
6 961.285
8 961.613
10 963.920
12 960.334
14 960.977
16 986.350
18 963.779
20 960.169
22 963.532
24 960.377
2 963.638
4 960.587
6 960.858
8 960.108
10 1001.025
12 960.309
14 959.507
16 961.298
18 963.217
20 960.580
22 960.268
24 960.471
2 971.293
4 960.358
6 960.621
8 961.113
10 963.022
12 959.815
14 961.295
16 961.894
18 963.361
20 961.168
22 961.789
24 960.359
2 963.355
4 960.779
6 959.808
8 961.220
10 960.952
12 961.561
14 961.306
16 960.643
18 999.930
20 961.183
22 960.512
24 964.330
2 963.930
4 960.327
6 960.002
8 960.735
10 964.550
12 960.468
14 960.868
16 960.929
18 960.444
20 961.448
22 960.775
24 959.437
2 963.637
4 963.117
6 959.276
8 960.287
10 963.535
12 962.946
14 960.087
16 962.433
18 979.424
20 960.804
22 960.317
24 962.825
2 963.200
4 959.625
6 962.410
8 959.282
10 962.845
12 960.612
14 961.633
16 961.291
18 962.781
20 960.686
22 962.381
24 961.020
2 961.070
4 962.540
6 960.464
8 960.676
10 961.362
12 968.686
14 964.812
16 988.793
18 968.363
20 966.578
22 962.076
24 960.753
2 960.314
4 964.263
6 961.575
8 959.623
10 960.451
12 964.379
14 961.637
16 960.750
18 959.434
20 964.101
22 962.988
24 961.741
2 960.726
4 963.811
6 962.467
8 960.889
10 972.931
12 991.047
14 960.782
16 960.071
18 979.069
20 976.410
22 960.490
24 959.343
2 960.949
4 963.230
6 960.140
8 960.358
10 959.744
12 962.664
14 960.230
16 960.915
18 960.173
20 962.426
22 959.534
24 961.244
2 960.399
4 963.782
6 960.568
8 960.714
10 960.319
12 964.347
14 963.265
16 960.794
18 961.818
20 963.091
22 960.458
24 962.201
2 963.100
4 980.361
6 962.506
8 962.671
10 963.726
12 962.831
14 960.558
16 960.654
18 961.272
20 959.885
22 961.072
24 962.054
2 961.805
4 964.444
6 961.965
8 961.942
10 959.509
12 967.548
14 960.020
16 961.423
18 963.413
20 963.584
22 963.733
24 960.857
2 960.548
4 963.630
6 974.980
8 960.119
10 960.235
12 965.797
14 961.613
16 962.467
18 962.390
20 963.396
22 972.750
24 961.400
2 961.033
4 960.120
6 961.092
8 959.844
10 960.568
12 961.135
14 962.102
16 973.973
18 967.003
20 972.391
22 960.511
24 987.900
2 962.325
4 960.527
6 960.127
8 960.881
10 961.412
12 961.370
14 959.673
16 960.452
18 976.175
20 961.299
22 962.317
24 961.508
