2 509.357
4 278.555
6 192.970
8 182.292
10 185.043
12 134.582
14 159.313
16 153.787
18 150.670
20 144.275
22 131.786
24 143.690
2 484.690
4 279.600
6 190.726
8 174.372
10 148.778
12 140.807
14 158.868
16 162.577
18 156.311
20 143.519
22 140.224
24 170.328
2 497.319
4 271.766
6 199.501
8 169.780
10 168.269
12 169.607
14 157.685
16 139.992
18 142.829
20 141.435
22 131.205
24 137.150
2 500.718
4 256.583
6 189.189
8 166.915
10 138.837
12 143.716
14 164.611
16 146.282
18 148.427
20 135.691
22 129.210
24 322.136
2 511.909
4 268.591
6 216.928
8 173.161
10 178.806
12 129.642
14 171.994
16 145.480
18 141.109
20 135.129
22 135.033
24 147.913
2 507.535
4 276.194
6 185.972
8 181.638
10 133.184
12 136.584
14 147.542
16 142.359
18 147.591
20 154.967
22 127.958
24 137.199
2 495.683
4 275.762
6 207.255
8 166.181
10 134.008
12 164.056
14 146.066
16 138.215
18 144.701
20 151.239
22 126.255
24 179.481
2 497.351
4 298.918
6 202.444
8 186.817
10 153.535
12 167.001
14 152.305
16 149.573
18 144.912
20 147.538
22 139.210
24 147.878
2 513.262
4 282.865
6 196.055
8 164.105
10 146.995
12 142.570
14 169.520
16 146.563
18 149.190
20 139.178
22 135.787
24 144.552
2 511.220
4 280.075
6 187.973
8 167.374
10 209.294
12 133.895
14 155.199
16 147.805
18 148.546
20 133.050
22 133.411
24 133.354
2 511.749
4 280.672
6 200.585
8 206.281
10 143.024
12 161.448
14 160.378
16 146.508
18 141.507
20 135.933
22 135.965
24 142.658
2 497.415
4 276.234
6 192.873
8 164.106
10 146.575
12 173.313
14 162.286
16 143.713
18 155.011
20 145.385
22 133.220
24 137.443
2 492.463
4 280.250
6 192.965
8 170.621
10 145.215
12 190.639
14 143.449
16 137.094
18 145.831
20 134.193
22 137.141
24 235.407
2 515.529
4 269.985
6 206.097
8 170.729
10 176.916
12 182.056
14 145.340
16 119.739
18 147.841
20 134.844
22 135.496
24 204.360
2 502.053
4 278.709
6 201.636
8 170.493
10 141.513
12 159.241
14 160.360
16 146.678
18 134.056
20 144.325
22 130.371
24 221.703
2 507.797
4 288.820
6 207.052
8 162.846
10 154.594
12 140.853
14 165.969
16 137.889
18 145.230
20 146.409
22 137.979
24 129.595
2 512.113
4 287.370
6 201.244
8 163.036
10 145.764
12 160.370
14 159.025
16 149.947
18 140.027
20 142.496
22 135.549
24 201.888
2 512.148
4 287.796
6 200.654
8 165.408
10 154.293
12 174.704
14 163.338
16 149.197
18 126.898
20 148.813
22 134.035
24 155.182
2 506.986
4 264.132
6 193.460
8 165.924
10 139.631
12 173.626
14 164.859
16 144.222
18 144.377
20 140.844
22 128.869
24 168.993
2 519.106
4 273.419
6 200.243
8 169.913
10 146.344
12 149.915
14 162.293
16 139.036
18 140.896
20 147.820
22 144.612
24 194.780
