2 502.181
4 282.029
6 209.546
8 178.672
10 189.206
12 281.784
14 385.978
16 422.267
18 490.822
20 537.876
22 607.473
24 866.177
2 500.009
4 274.261
6 211.007
8 173.443
10 186.081
12 277.996
14 379.905
16 445.823
18 476.558
20 524.657
22 596.299
24 730.979
2 500.092
4 273.339
6 195.114
8 176.750
10 201.586
12 311.738
14 377.840
16 430.837
18 490.850
20 523.083
22 586.427
24 697.575
2 503.381
4 274.642
6 206.555
8 167.813
10 204.133
12 251.906
14 376.072
16 421.877
18 503.900
20 553.877
22 636.990
24 692.984
2 500.627
4 274.721
6 204.434
8 176.675
10 204.986
12 280.533
14 363.291
16 433.663
18 502.954
20 558.307
22 589.446
24 616.919
2 501.130
4 273.982
6 207.332
8 182.094
10 205.140
12 316.549
14 359.452
16 414.415
18 488.051
20 555.138
22 614.209
24 708.123
2 498.715
4 273.578
6 216.912
8 182.026
10 210.718
12 275.962
14 373.712
16 390.704
18 495.559
20 555.985
22 595.089
24 682.704
2 498.047
4 279.776
6 203.346
8 186.592
10 197.880
12 315.710
14 382.573
16 456.414
18 485.852
20 530.143
22 579.688
24 612.685
2 472.326
4 272.125
6 204.363
8 180.596
10 206.421
12 289.334
14 385.736
16 431.373
18 501.969
20 546.004
22 603.794
24 708.969
2 497.697
4 274.341
6 206.095
8 181.680
10 185.175
12 310.298
14 354.774
16 402.847
18 481.292
20 541.940
22 630.258
24 898.325
2 499.902
4 273.853
6 207.951
8 186.461
10 206.312
12 301.023
14 384.209
16 424.696
18 473.122
20 524.560
22 616.850
24 623.973
2 502.436
4 276.333
6 206.950
8 179.913
10 216.170
12 327.091
14 358.926
16 435.656
18 539.308
20 565.382
22 603.491
24 772.840
2 485.058
4 279.981
6 209.979
8 186.414
10 208.435
12 316.948
14 337.833
16 406.875
18 483.073
20 477.380
22 636.029
24 694.704
2 493.218
4 289.478
6 215.405
8 173.530
10 185.634
12 289.641
14 368.577
16 429.234
18 478.299
20 551.888
22 622.585
24 944.886
2 499.949
4 280.671
6 206.064
8 180.062
10 189.945
12 273.762
14 374.280
16 428.641
18 493.647
20 532.900
22 580.239
24 686.972
2 500.898
4 274.922
6 210.553
8 178.671
10 199.445
12 312.478
14 352.023
16 440.886
18 480.370
20 541.957
22 612.712
24 684.917
2 501.821
4 268.433
6 206.516
8 179.944
10 185.569
12 314.113
14 378.911
16 413.403
18 494.439
20 526.675
22 616.994
24 691.669
2 497.268
4 269.271
6 210.232
8 171.832
10 209.570
12 186.371
14 331.056
16 432.256
18 479.212
20 548.875
22 582.813
24 700.800
2 497.890
4 275.680
6 217.823
8 173.992
10 211.940
12 315.272
14 380.570
16 417.567
18 498.165
20 535.266
22 612.002
24 704.496
2 498.759
4 261.693
6 209.453
8 181.888
10 196.538
12 306.967
14 378.085
16 423.039
18 493.319
20 576.524
22 605.752
24 686.804
