2 463.959
4 261.934
6 190.626
8 157.585
10 136.338
12 154.478
14 139.374
16 130.745
18 122.013
20 144.176
22 135.276
24 142.390
2 462.171
4 262.090
6 186.350
8 145.432
10 178.681
12 165.097
14 140.724
16 136.367
18 132.833
20 142.681
22 121.390
24 135.018
2 461.663
4 280.675
6 172.760
8 160.652
10 138.085
12 156.655
14 140.645
16 119.735
18 144.556
20 137.648
22 127.938
24 136.221
2 462.473
4 260.362
6 187.590
8 201.842
10 165.478
12 138.843
14 157.701
16 121.847
18 131.503
20 146.405
22 125.030
24 136.857
2 464.768
4 258.784
6 185.163
8 165.452
10 136.797
12 129.572
14 142.600
16 136.495
18 133.783
20 136.998
22 127.032
24 143.899
2 463.205
4 247.172
6 186.047
8 161.521
10 125.457
12 151.777
14 149.282
16 148.045
18 125.801
20 133.226
22 125.610
24 115.377
2 462.612
4 261.621
6 185.661
8 202.599
10 134.331
12 128.795
14 153.143
16 141.486
18 133.437
20 145.783
22 114.384
24 136.469
2 415.216
4 260.393
6 187.616
8 146.638
10 138.008
12 128.129
14 149.394
16 128.882
18 139.509
20 139.824
22 139.253
24 177.860
2 460.600
4 261.107
6 177.833
8 216.778
10 131.439
12 158.402
14 161.022
16 133.079
18 128.808
20 146.176
22 119.822
24 138.352
2 463.988
4 281.170
6 186.458
8 162.856
10 128.482
12 171.097
14 148.813
16 140.482
18 128.912
20 135.571
22 124.957
24 131.101
2 434.463
4 262.478
6 181.214
8 161.003
10 131.278
12 132.077
14 145.439
16 134.964
18 135.370
20 133.758
22 136.075
24 136.735
2 465.766
4 266.504
6 187.084
8 158.262
10 133.536
12 164.190
14 146.134
16 133.531
18 141.998
20 142.752
22 126.634
24 873.924
2 462.610
4 255.741
6 194.151
8 159.445
10 135.757
12 153.227
14 161.209
16 140.385
18 136.599
20 143.617
22 128.120
24 185.120
2 465.359
4 265.651
6 192.998
8 149.142
10 143.684
12 134.340
14 152.662
16 122.649
18 134.040
20 137.232
22 126.358
24 197.437
2 464.150
4 261.771
6 187.564
8 154.103
10 135.397
12 145.979
14 145.637
16 135.690
18 140.203
20 139.084
22 124.435
24 154.410
2 463.428
4 262.607
6 186.692
8 197.451
10 130.762
12 128.406
14 144.577
16 135.239
18 130.591
20 154.685
22 121.865
24 144.343
2 486.183
4 261.586
6 192.389
8 168.234
10 148.228
12 158.639
14 158.103
16 132.056
18 133.684
20 148.399
22 145.777
24 128.655
2 469.538
4 269.757
6 197.021
8 199.708
10 145.121
12 172.527
14 137.897
16 139.533
18 134.690
20 136.860
22 127.540
24 154.277
2 463.723
4 272.968
6 195.701
8 169.855
10 140.468
12 149.571
14 151.207
16 131.668
18 140.647
20 139.066
22 125.210
24 129.181
2 462.914
4 261.291
6 183.592
8 156.955
10 138.119
12 126.204
14 156.656
16 131.416
18 145.012
20 136.039
22 129.096
24 126.333
