2 4.980
4 4.981
6 4.976
8 4.980
10 4.986
12 4.980
14 4.978
16 4.979
18 5.065
20 4.981
22 4.981
24 4.981
2 4.980
4 7.087
6 4.978
8 4.978
10 7.248
12 4.979
14 4.980
16 4.998
18 4.977
20 4.977
22 4.981
24 4.978
2 4.983
4 4.984
6 4.984
8 4.980
10 4.982
12 5.030
14 4.987
16 4.980
18 4.984
20 4.979
22 4.981
24 4.997
2 4.980
4 4.982
6 4.979
8 4.983
10 4.981
12 4.979
14 4.978
16 4.981
18 4.980
20 4.983
22 4.982
24 4.982
2 4.983
4 4.982
6 4.982
8 5.219
10 4.982
12 4.984
14 4.986
16 4.979
18 4.982
20 4.980
22 4.982
24 4.984
2 4.984
4 4.984
6 4.982
8 4.982
10 4.979
12 4.979
14 4.977
16 4.984
18 4.982
20 4.984
22 4.985
24 4.984
2 4.983
4 4.982
6 4.981
8 4.980
10 4.986
12 4.981
14 4.983
16 4.987
18 4.982
20 4.978
22 4.980
24 4.981
2 4.984
4 4.982
6 4.982
8 4.997
10 4.984
12 4.986
14 4.982
16 4.984
18 4.985
20 4.980
22 4.982
24 4.980
2 4.984
4 5.033
6 4.980
8 4.983
10 4.983
12 4.984
14 4.982
16 4.983
18 4.983
20 4.990
22 4.980
24 4.982
2 4.990
4 4.981
6 5.639
8 4.981
10 4.980
12 4.985
14 4.984
16 4.981
18 4.982
20 4.982
22 4.981
24 4.985
2 4.985
4 4.980
6 4.983
8 4.982
10 4.983
12 4.986
14 4.985
16 4.984
18 4.983
20 4.983
22 4.982
24 4.984
2 4.980
4 5.473
6 4.980
8 4.978
10 5.229
12 4.982
14 4.984
16 5.076
18 4.979
20 4.987
22 4.982
24 4.979
2 4.980
4 4.984
6 4.984
8 4.979
10 4.981
12 4.982
14 4.980
16 4.981
18 4.977
20 4.980
22 4.978
24 4.981
2 5.651
4 4.980
6 4.980
8 4.982
10 4.985
12 4.985
14 4.982
16 4.979
18 4.979
20 4.980
22 4.984
24 4.980
2 5.001
4 4.985
6 4.989
8 4.979
10 4.979
12 4.981
14 4.980
16 4.979
18 4.982
20 4.991
22 4.978
24 4.990
2 4.979
4 4.982
6 4.981
8 4.979
10 4.982
12 4.982
14 4.982
16 4.982
18 4.984
20 4.982
22 4.977
24 4.983
2 4.983
4 4.982
6 4.983
8 4.982
10 4.978
12 4.980
14 4.987
16 4.987
18 4.985
20 4.978
22 4.982
24 5.953
2 4.980
4 4.979
6 4.982
8 4.992
10 4.982
12 4.981
14 4.980
16 4.982
18 4.984
20 4.985
22 4.981
24 4.987
2 4.979
4 4.990
6 4.979
8 4.981
10 4.982
12 4.982
14 4.984
16 4.980
18 4.983
20 4.981
22 4.980
24 4.983
2 4.987
4 4.980
6 4.984
8 4.980
10 4.986
12 4.984
14 4.985
16 4.982
18 4.984
20 4.983
22 4.979
24 4.979
