2 995.371
4 518.355
6 370.166
8 329.333
10 329.802
12 342.346
14 352.340
16 349.852
18 354.806
20 408.881
22 411.244
24 399.285
2 948.354
4 523.557
6 365.454
8 335.198
10 326.292
12 343.557
14 353.769
16 344.804
18 355.353
20 424.746
22 385.930
24 406.284
2 956.405
4 518.404
6 360.817
8 327.089
10 327.378
12 332.207
14 346.138
16 350.815
18 355.564
20 379.233
22 411.799
24 412.308
2 952.430
4 502.135
6 373.129
8 331.075
10 323.339
12 349.543
14 341.230
16 343.124
18 353.936
20 410.855
22 371.822
24 399.158
2 945.220
4 513.125
6 370.629
8 322.726
10 329.278
12 353.670
14 348.316
16 355.349
18 355.045
20 411.216
22 369.924
24 396.477
2 954.166
4 518.134
6 377.985
8 328.102
10 323.504
12 340.310
14 354.582
16 347.565
18 345.373
20 385.755
22 387.092
24 423.618
2 930.421
4 517.215
6 370.024
8 323.791
10 331.290
12 335.015
14 359.921
16 342.454
18 340.645
20 387.183
22 400.365
24 429.255
2 951.465
4 522.321
6 371.744
8 326.047
10 327.575
12 344.066
14 346.276
16 342.418
18 362.834
20 397.488
22 397.632
24 410.815
2 948.492
4 518.232
6 375.244
8 333.112
10 317.817
12 344.348
14 343.295
16 344.686
18 359.957
20 403.726
22 382.095
24 440.403
2 946.158
4 504.996
6 374.655
8 326.316
10 325.415
12 353.358
14 347.554
16 335.687
18 343.962
20 401.829
22 398.284
24 425.384
2 954.378
4 542.533
6 411.210
8 340.980
10 308.007
12 341.333
14 350.878
16 347.671
18 344.491
20 415.174
22 398.252
24 703.223
2 956.538
4 521.196
6 369.686
8 324.005
10 331.763
12 334.928
14 352.699
16 351.308
18 345.345
20 379.847
22 407.220
24 405.794
2 950.486
4 519.578
6 374.430
8 331.236
10 334.597
12 337.946
14 352.385
16 348.384
18 350.465
20 432.376
22 414.152
24 551.840
2 951.881
4 520.056
6 377.037
8 333.767
10 327.186
12 348.726
14 354.452
16 347.866
18 356.210
20 420.567
22 398.508
24 381.659
2 950.443
4 506.021
6 364.581
8 321.678
10 322.522
12 336.426
14 333.202
16 350.715
18 358.937
20 391.595
22 366.186
24 513.504
2 949.211
4 514.279
6 361.517
8 321.941
10 329.086
12 312.452
14 348.416
16 351.462
18 356.643
20 397.301
22 389.903
24 431.926
2 959.205
4 505.521
6 419.365
8 332.080
10 320.533
12 335.062
14 348.492
16 351.320
18 349.367
20 418.958
22 393.811
24 473.486
2 947.607
4 531.760
6 418.025
8 324.598
10 341.028
12 334.389
14 352.354
16 344.143
18 349.520
20 413.008
22 389.904
24 468.882
2 945.529
4 516.028
6 369.972
8 337.643
10 326.746
12 340.502
14 345.909
16 346.916
18 338.115
20 391.487
22 412.527
24 457.987
2 951.619
4 517.621
6 372.030
8 320.413
10 327.335
12 342.581
14 346.060
16 335.133
18 354.377
20 403.326
22 386.091
24 455.914
