2 756.810
4 756.922
6 756.414
8 756.567
10 756.659
12 760.434
14 756.465
16 758.972
18 758.003
20 757.015
22 760.300
24 757.221
2 756.512
4 756.552
6 756.874
8 760.345
10 757.366
12 756.744
14 756.600
16 757.100
18 757.027
20 783.411
22 757.232
24 756.964
2 760.739
4 756.503
6 756.456
8 757.491
10 756.854
12 759.952
14 758.011
16 756.398
18 758.634
20 758.173
22 759.896
24 756.727
2 756.986
4 756.891
6 756.361
8 761.143
10 756.584
12 757.028
14 756.508
16 789.153
18 759.740
20 777.601
22 759.937
24 758.789
2 759.905
4 756.585
6 778.384
8 756.844
10 758.037
12 788.726
14 756.718
16 756.478
18 756.550
20 756.789
22 759.927
24 756.916
2 756.889
4 758.618
6 756.474
8 756.948
10 756.514
12 756.551
14 758.149
16 756.646
18 758.048
20 756.802
22 756.798
24 757.166
2 759.542
4 756.930
6 756.178
8 758.596
10 758.619
12 759.883
14 756.647
16 756.254
18 756.592
20 757.010
22 756.635
24 757.344
2 757.289
4 756.949
6 757.480
8 757.883
10 757.447
12 756.471
14 757.260
16 757.094
18 757.447
20 757.083
22 756.999
24 756.424
2 760.281
4 758.607
6 756.644
8 756.380
10 756.386
12 759.868
14 757.125
16 757.291
18 756.852
20 756.550
22 757.957
24 756.750
2 758.448
4 756.908
6 756.864
8 756.457
10 757.326
12 756.461
14 758.650
16 760.238
18 756.357
20 757.370
22 757.033
24 759.316
2 757.470
4 757.289
6 758.105
8 760.064
10 757.389
12 760.139
14 756.969
16 757.673
18 756.917
20 756.899
22 761.504
24 761.077
2 756.794
4 756.428
6 766.316
8 820.993
10 762.101
12 759.893
14 759.581
16 788.315
18 758.854
20 771.343
22 758.153
24 758.114
2 781.996
4 776.228
6 770.444
8 773.135
10 772.223
12 765.652
14 760.961
16 758.467
18 768.093
20 756.929
22 762.730
24 759.017
2 766.336
4 757.449
6 773.979
8 757.155
10 759.842
12 757.730
14 760.365
16 760.341
18 760.037
20 757.435
22 761.072
24 758.820
2 757.118
4 759.631
6 758.291
8 758.001
10 760.500
12 759.115
14 773.163
16 756.861
18 760.241
20 760.037
22 765.607
24 759.319
2 756.533
4 761.608
6 764.923
8 757.921
10 756.639
12 757.564
14 757.883
16 756.686
18 757.778
20 757.909
22 756.629
24 770.660
2 756.469
4 757.845
6 757.647
8 757.462
10 783.409
12 757.013
14 764.143
16 757.778
18 756.930
20 756.610
22 757.747
24 758.566
2 769.603
4 780.128
6 764.017
8 757.154
10 762.266
12 757.306
14 778.692
16 759.170
18 767.221
20 761.500
22 758.571
24 760.057
2 782.092
4 759.418
6 756.884
8 759.793
10 784.739
12 760.773
14 759.323
16 757.288
18 762.889
20 758.926
22 757.210
24 760.160
2 756.982
4 761.970
6 773.433
8 758.458
10 756.527
12 784.380
14 771.026
16 761.867
18 759.749
20 762.411
22 782.443
24 768.346
