2 545.367
4 304.229
6 220.525
8 181.136
10 227.858
12 312.102
14 391.584
16 400.364
18 473.186
20 505.840
22 571.450
24 636.347
2 548.588
4 298.154
6 223.097
8 174.161
10 189.400
12 365.060
14 382.263
16 411.198
18 479.616
20 533.332
22 566.342
24 643.179
2 545.638
4 335.270
6 222.247
8 171.078
10 211.937
12 317.838
14 396.389
16 411.600
18 464.603
20 512.282
22 589.224
24 616.685
2 546.214
4 291.617
6 216.998
8 181.364
10 192.115
12 333.456
14 387.115
16 431.273
18 477.388
20 500.807
22 558.705
24 637.735
2 548.251
4 304.771
6 218.618
8 181.264
10 197.573
12 215.560
14 374.194
16 405.983
18 460.756
20 531.765
22 568.309
24 639.428
2 546.801
4 298.665
6 229.839
8 194.165
10 222.996
12 331.020
14 378.087
16 436.501
18 473.776
20 521.566
22 566.835
24 628.299
2 545.739
4 300.587
6 209.766
8 180.498
10 188.205
12 313.993
14 369.860
16 407.254
18 465.080
20 503.821
22 537.618
24 629.267
2 503.272
4 303.183
6 220.297
8 189.124
10 187.136
12 326.277
14 388.336
16 430.010
18 452.863
20 532.980
22 548.506
24 636.430
2 545.123
4 300.797
6 220.829
8 181.721
10 227.533
12 343.594
14 316.823
16 416.760
18 463.120
20 505.176
22 558.745
24 849.088
2 550.718
4 298.963
6 218.976
8 181.555
10 213.246
12 337.682
14 389.781
16 431.786
18 456.265
20 532.918
22 527.181
24 592.497
2 543.948
4 303.429
6 213.918
8 183.303
10 173.965
12 319.471
14 381.414
16 419.652
18 457.694
20 502.777
22 518.760
24 684.776
2 557.468
4 303.338
6 212.625
8 184.210
10 212.706
12 333.993
14 373.057
16 434.295
18 468.860
20 506.390
22 552.710
24 693.225
2 505.444
4 297.584
6 208.583
8 189.417
10 272.574
12 284.479
14 363.799
16 390.360
18 453.333
20 501.716
22 570.794
24 691.025
2 546.477
4 305.598
6 215.132
8 180.739
10 198.638
12 334.843
14 351.939
16 419.664
18 464.139
20 504.124
22 519.618
24 830.416
2 544.047
4 303.896
6 212.083
8 181.988
10 211.570
12 312.774
14 382.972
16 416.177
18 434.169
20 509.948
22 525.089
24 680.280
2 564.898
4 305.551
6 203.526
8 182.281
10 276.497
12 285.025
14 369.194
16 395.265
18 466.267
20 481.527
22 565.072
24 655.019
2 561.535
4 294.177
6 210.659
8 176.098
10 238.906
12 327.462
14 376.256
16 399.572
18 457.116
20 498.054
22 562.404
24 677.419
2 543.823
4 318.655
6 214.093
8 200.401
10 214.208
12 344.040
14 384.145
16 412.384
18 462.617
20 534.726
22 551.827
24 692.465
2 550.321
4 301.532
6 216.240
8 182.811
10 243.047
12 273.646
14 382.642
16 432.739
18 468.340
20 504.135
22 541.217
24 656.422
2 546.741
4 290.889
6 224.975
8 173.614
10 180.712
12 348.362
14 379.971
16 413.291
18 463.149
20 486.487
22 507.281
24 624.877
