2 928.326
4 930.363
6 928.371
8 928.008
10 927.027
12 965.912
14 927.572
16 930.502
18 928.766
20 927.979
22 927.098
24 926.705
2 927.762
4 928.920
6 930.016
8 935.446
10 927.070
12 926.837
14 927.842
16 929.412
18 927.730
20 929.553
22 930.508
24 927.775
2 930.525
4 928.237
6 934.772
8 927.416
10 931.396
12 927.322
14 930.060
16 931.832
18 942.724
20 929.581
22 930.505
24 931.806
2 926.945
4 927.037
6 932.977
8 927.299
10 926.859
12 931.441
14 930.136
16 927.135
18 926.984
20 927.266
22 927.961
24 928.404
2 927.345
4 927.589
6 927.416
8 933.467
10 927.706
12 927.629
14 930.883
16 931.905
18 929.267
20 928.319
22 928.943
24 932.380
2 928.409
4 931.469
6 941.736
8 930.998
10 927.597
12 927.663
14 928.933
16 930.558
18 927.438
20 929.437
22 928.134
24 960.074
2 931.200
4 927.640
6 928.237
8 930.459
10 927.128
12 927.375
14 927.265
16 932.660
18 927.498
20 927.609
22 927.183
24 927.307
2 947.153
4 931.069
6 928.177
8 926.429
10 927.578
12 930.684
14 926.998
16 927.043
18 927.574
20 929.420
22 927.723
24 927.098
2 929.476
4 927.056
6 928.648
8 930.642
10 932.229
12 927.011
14 928.062
16 928.940
18 931.994
20 927.531
22 952.501
24 927.607
2 965.008
4 929.119
6 927.879
8 927.495
10 931.900
12 928.815
14 926.897
16 929.427
18 954.653
20 928.540
22 927.102
24 927.927
2 927.147
4 926.923
6 927.293
8 927.206
10 927.313
12 928.016
14 927.573
16 926.893
18 928.475
20 929.752
22 931.037
24 927.982
2 927.467
4 927.945
6 931.280
8 930.193
10 935.131
12 927.498
14 963.371
16 928.340
18 927.229
20 928.962
22 930.306
24 927.432
2 927.611
4 926.972
6 945.822
8 928.013
10 929.802
12 929.739
14 930.796
16 929.310
18 927.988
20 930.367
22 926.941
24 927.176
2 927.687
4 927.266
6 927.349
8 930.047
10 927.158
12 927.189
14 928.170
16 927.504
18 928.080
20 928.536
22 927.877
24 931.147
2 927.914
4 927.637
6 928.278
8 930.634
10 927.776
12 927.337
14 928.152
16 930.155
18 926.513
20 927.132
22 927.121
24 930.199
2 927.281
4 929.050
6 927.638
8 928.152
10 928.206
12 927.753
14 927.648
16 931.982
18 928.063
20 927.008
22 928.176
24 927.386
2 930.967
4 928.533
6 927.305
8 928.569
10 932.876
12 929.435
14 929.257
16 926.718
18 929.948
20 927.379
22 929.435
24 927.625
2 932.480
4 928.133
6 927.141
8 929.517
10 931.147
12 939.604
14 953.494
16 926.939
18 955.590
20 929.721
22 947.733
24 926.821
2 930.009
4 928.008
6 929.200
8 929.104
10 931.286
12 929.108
14 927.538
16 929.374
18 926.792
20 928.900
22 927.835
24 927.032
2 929.083
4 926.956
6 927.056
8 926.665
10 926.960
12 930.486
14 930.974
16 930.319
18 930.213
20 946.751
22 927.197
24 926.982
