2 1911.755
4 1907.253
6 1909.761
8 1907.142
10 1913.310
12 1908.520
14 1911.088
16 1906.894
18 1907.889
20 1911.632
22 1906.377
24 1910.077
2 1909.546
4 1912.472
6 1910.349
8 1908.297
10 1907.841
12 1905.684
14 1932.908
16 1909.375
18 1914.081
20 1907.491
22 1943.238
24 1908.208
2 1909.424
4 1909.436
6 1908.229
8 1910.191
10 1908.454
12 1911.326
14 1908.021
16 1912.521
18 1910.859
20 1908.824
22 1906.797
24 1907.023
2 1911.522
4 1906.111
6 1912.890
8 1907.245
10 1910.761
12 1908.123
14 1911.526
16 1913.502
18 1910.712
20 1911.863
22 1909.754
24 1955.166
2 1922.290
4 1910.333
6 1907.142
8 1906.320
10 1906.426
12 1906.146
14 1909.604
16 1908.022
18 1910.888
20 1908.315
22 1911.115
24 1906.928
2 1906.120
4 1909.094
6 1908.204
8 1911.465
10 1910.561
12 1910.548
14 1908.320
16 1942.636
18 1908.780
20 1908.095
22 1910.721
24 1907.087
2 1912.122
4 1907.208
6 1912.521
8 1908.580
10 1910.824
12 1906.694
14 1908.284
16 1909.885
18 1909.126
20 1913.583
22 1908.703
24 1914.269
2 1908.302
4 1910.739
6 1907.013
8 1905.031
10 1907.980
12 1906.422
14 1909.797
16 1906.632
18 1945.985
20 1906.976
22 1910.194
24 1908.131
2 1906.041
4 1910.763
6 1907.098
8 1910.570
10 1908.221
12 1910.800
14 1906.562
16 1909.734
18 1906.234
20 1906.491
22 1909.326
24 1907.455
2 1909.838
4 1908.655
6 1912.824
8 1906.077
10 1907.189
12 1909.682
14 1906.922
16 1910.153
18 1908.598
20 1941.334
22 1905.796
24 1909.191
