2 1370.535
4 778.537
6 629.290
8 565.443
10 504.298
12 479.476
14 435.947
16 386.454
18 339.120
20 329.528
22 297.373
24 288.892
2 1362.398
4 777.501
6 594.322
8 549.023
10 496.475
12 466.662
14 440.393
16 383.114
18 360.487
20 330.502
22 302.292
24 298.223
2 1364.646
4 786.170
6 630.466
8 554.945
10 516.830
12 446.554
14 389.629
16 375.044
18 364.504
20 321.224
22 303.637
24 308.724
2 1377.940
4 797.898
6 630.194
8 562.148
10 498.101
12 475.134
14 421.107
16 375.612
18 335.749
20 323.247
22 305.373
24 296.471
2 1360.253
4 810.348
6 639.163
8 547.804
10 522.203
12 430.187
14 419.168
16 378.708
18 344.893
20 336.900
22 305.132
24 293.573
2 1369.144
4 792.547
6 609.892
8 512.670
10 434.421
12 423.495
14 434.618
16 376.219
18 349.209
20 328.516
22 302.149
24 327.672
2 1375.397
4 791.530
6 607.144
8 553.768
10 526.076
12 440.179
14 388.471
16 396.742
18 361.235
20 331.904
22 298.832
24 298.218
2 1370.193
4 793.553
6 618.929
8 546.211
10 517.365
12 495.240
14 434.154
16 390.766
18 373.483
20 325.415
22 309.361
24 307.464
2 1383.680
4 793.682
6 627.816
8 515.448
10 525.253
12 485.433
14 441.259
16 386.808
18 368.044
20 328.396
22 377.497
24 294.508
2 1383.827
4 785.358
6 622.715
8 544.093
10 498.038
12 462.452
14 434.991
16 389.955
18 435.789
20 337.725
22 298.658
24 279.945
