2 1323.341
4 756.638
6 601.509
8 481.664
10 494.380
12 475.158
14 437.155
16 375.556
18 350.918
20 351.420
22 309.971
24 398.679
2 1342.426
4 745.609
6 589.572
8 489.266
10 501.648
12 474.623
14 437.706
16 386.403
18 377.485
20 348.595
22 309.580
24 321.944
2 1321.748
4 766.065
6 592.922
8 507.727
10 496.510
12 479.695
14 443.179
16 377.481
18 341.444
20 357.902
22 308.693
24 331.770
2 1344.056
4 768.661
6 565.300
8 507.499
10 478.797
12 456.186
14 440.937
16 386.758
18 373.154
20 350.697
22 302.860
24 331.365
2 1340.382
4 759.116
6 596.091
8 523.806
10 491.757
12 479.941
14 442.132
16 378.795
18 370.899
20 341.559
22 301.525
24 314.858
2 1330.338
4 756.479
6 596.563
8 515.777
10 486.438
12 457.117
14 430.866
16 382.044
18 359.230
20 355.656
22 313.770
24 307.979
2 1346.646
4 757.717
6 592.937
8 508.363
10 463.138
12 469.184
14 432.330
16 386.034
18 372.703
20 351.895
22 308.127
24 308.670
2 1344.345
4 762.899
6 585.759
8 537.647
10 501.987
12 463.688
14 434.709
16 382.485
18 367.510
20 352.948
22 301.037
24 320.634
2 1346.118
4 771.545
6 589.381
8 505.328
10 482.086
12 443.828
14 399.984
16 387.830
18 351.067
20 361.999
22 309.895
24 316.442
2 1342.402
4 769.127
6 597.505
8 458.490
10 471.619
12 468.396
14 395.287
16 372.217
18 356.420
20 349.910
22 306.101
24 437.296
