2 1315.038
4 746.027
6 591.221
8 505.987
10 459.729
12 462.470
14 423.579
16 390.646
18 361.537
20 339.519
22 322.894
24 485.169
2 1335.354
4 739.799
6 583.986
8 523.801
10 472.042
12 433.092
14 454.945
16 380.761
18 357.995
20 332.583
22 310.089
24 311.044
2 1302.134
4 748.890
6 593.124
8 492.914
10 476.797
12 459.531
14 422.266
16 388.312
18 360.041
20 325.691
22 309.122
24 315.278
2 1314.498
4 745.973
6 588.609
8 517.945
10 428.420
12 412.914
14 396.071
16 386.088
18 364.564
20 332.543
22 323.765
24 304.595
2 1310.520
4 740.323
6 593.178
8 518.523
10 454.487
12 452.933
14 422.289
16 376.172
18 355.239
20 333.671
22 309.576
24 303.012
2 1321.048
4 747.487
6 596.121
8 511.546
10 471.187
12 454.115
14 417.716
16 380.496
18 350.323
20 333.047
22 324.783
24 313.472
2 1304.618
4 749.368
6 569.684
8 506.966
10 460.088
12 456.951
14 396.021
16 380.729
18 365.195
20 322.202
22 308.262
24 300.430
2 1310.351
4 743.598
6 568.236
8 508.379
10 476.477
12 459.570
14 410.178
16 342.348
18 359.779
20 332.251
22 315.186
24 296.898
2 1323.346
4 752.201
6 562.759
8 514.984
10 475.040
12 416.910
14 411.153
16 377.947
18 349.410
20 328.970
22 321.168
24 339.695
2 1327.790
4 759.477
6 583.590
8 512.480
10 459.803
12 456.852
14 422.000
16 382.057
18 367.195
20 336.478
22 310.647
24 307.380
