2 1958.022
4 1951.866
6 1955.972
8 1953.024
10 1955.659
12 1954.825
14 1957.201
16 1952.204
18 1953.919
20 1955.339
22 1953.720
24 1984.137
2 1953.990
4 1954.701
6 1952.290
8 1956.044
10 1953.509
12 1951.588
14 1955.662
16 1952.708
18 1955.375
20 1951.193
22 1967.615
24 1952.182
2 1957.171
4 1952.507
6 1955.523
8 1951.467
10 1952.224
12 1954.796
14 1951.891
16 2010.730
18 1952.108
20 1955.372
22 1951.680
24 1958.724
2 1952.664
4 1951.495
6 1952.292
8 1953.135
10 1955.651
12 1951.679
14 1955.874
16 1952.589
18 1955.790
20 1952.831
22 1955.977
24 1953.160
2 1951.452
4 1951.515
6 1951.847
8 1956.478
10 1951.299
12 1954.728
14 1951.579
16 1968.386
18 1952.084
20 1952.946
22 1952.197
24 1952.358
2 1951.377
4 1951.927
6 1955.341
8 1952.328
10 1954.490
12 1952.133
14 1955.166
16 1966.115
18 1966.387
20 1965.217
22 1952.600
24 1955.682
2 1964.031
4 1954.986
6 1951.674
8 1954.888
10 1953.185
12 1955.144
14 1951.283
16 1951.900
18 1953.505
20 1954.135
22 1957.162
24 1952.073
2 1955.296
4 1952.310
6 1954.708
8 1952.447
10 1961.577
12 1951.669
14 1960.246
16 1963.260
18 1951.384
20 2000.736
22 1951.284
24 1958.060
2 1952.010
4 1956.227
6 1952.262
8 1954.949
10 1953.534
12 1952.142
14 1955.439
16 1951.315
18 1954.581
20 1951.454
22 1954.547
24 1951.359
2 1954.773
4 1951.494
6 1954.238
8 1951.802
10 1951.496
12 1967.481
14 1951.831
16 1955.298
18 1952.805
20 1956.614
22 1951.466
24 1954.753
