2 1377.072
4 803.119
6 655.467
8 556.706
10 534.625
12 521.404
14 454.862
16 383.682
18 371.875
20 354.675
22 290.534
24 318.438
2 1383.086
4 774.661
6 652.090
8 525.216
10 527.034
12 545.689
14 446.007
16 393.215
18 377.707
20 350.225
22 293.066
24 310.202
2 1362.086
4 800.128
6 631.105
8 548.191
10 534.002
12 440.770
14 454.213
16 377.531
18 376.207
20 358.952
22 322.898
24 320.312
2 1370.460
4 815.154
6 643.714
8 564.632
10 510.067
12 475.619
14 444.854
16 382.909
18 374.411
20 360.341
22 311.512
24 302.055
2 1383.201
4 809.098
6 647.601
8 570.727
10 534.328
12 527.286
14 417.361
16 388.408
18 383.316
20 351.061
22 306.352
24 511.996
2 1396.946
4 770.178
6 637.120
8 564.935
10 523.146
12 466.495
14 442.378
16 370.255
18 359.847
20 358.039
22 302.674
24 300.324
2 1391.815
4 796.321
6 660.391
8 568.092
10 555.416
12 467.027
14 378.833
16 376.785
18 364.558
20 354.133
22 299.308
24 285.770
2 1384.870
4 812.028
6 637.019
8 541.358
10 546.527
12 486.437
14 441.368
16 361.514
18 373.962
20 360.558
22 304.780
24 305.087
2 1379.766
4 798.946
6 649.381
8 513.801
10 521.549
12 409.684
14 388.933
16 401.147
18 373.429
20 356.559
22 307.674
24 313.173
2 1343.252
4 800.865
6 656.724
8 560.763
10 536.854
12 457.388
14 425.397
16 357.390
18 376.277
20 348.095
22 306.137
24 302.879
2 1363.005
4 805.713
6 637.125
8 572.904
10 542.364
12 514.410
14 390.171
16 389.361
18 363.126
20 368.289
22 300.374
24 302.243
2 1380.573
4 803.631
6 630.431
8 524.492
10 512.636
12 479.193
14 458.460
16 360.515
18 368.139
20 348.781
22 302.721
24 293.192
2 1362.394
4 796.937
6 651.450
8 560.593
10 535.852
12 514.319
14 438.713
16 384.717
18 376.622
20 350.617
22 305.431
24 291.005
2 1389.062
4 804.893
6 649.437
8 567.283
10 536.447
12 466.700
14 448.982
16 379.963
18 370.703
20 346.090
22 306.791
24 299.691
2 1384.372
4 795.905
6 646.275
8 556.914
10 503.815
12 484.944
14 452.101
16 398.298
18 351.319
20 357.727
22 295.078
24 314.637
2 1366.725
4 789.306
6 619.805
8 521.295
10 546.525
12 519.170
14 454.505
16 376.000
18 368.318
20 348.773
22 302.675
24 296.823
2 1372.367
4 803.637
6 650.274
8 562.985
10 543.211
12 523.733
14 459.733
16 409.965
18 381.593
20 355.209
22 306.103
24 306.995
2 1393.286
4 801.196
6 655.327
8 556.544
10 547.399
12 511.059
14 464.810
16 382.962
18 379.483
20 345.889
22 302.173
24 302.111
2 1385.568
4 785.101
6 649.552
8 570.950
10 537.348
12 449.191
14 449.531
16 384.425
18 377.440
20 342.836
22 294.626
24 306.885
2 1394.539
4 801.363
6 630.312
8 516.795
10 553.283
12 458.613
14 461.003
16 340.436
18 378.824
20 345.839
22 300.140
24 314.052
