2 2013.171
4 2016.552
6 2013.716
8 2013.828
10 2016.725
12 2014.438
14 2017.407
16 2013.363
18 2017.421
20 2013.757
22 2017.767
24 2013.836
2 2017.003
4 2013.306
6 2016.418
8 2013.483
10 2013.396
12 2023.172
14 2014.215
16 2016.592
18 2014.898
20 2032.473
22 2014.981
24 2017.778
2 2014.434
4 2019.097
6 2014.875
8 2017.386
10 2015.108
12 2017.419
14 2015.138
16 2013.502
18 2013.949
20 2016.126
22 2016.870
24 2014.787
2 2019.803
4 2014.269
6 2016.810
8 2013.559
10 2056.569
12 2014.748
14 2017.497
16 2015.614
18 2014.537
20 2013.093
22 2013.822
24 2014.028
2 2014.374
4 2018.657
6 2014.530
8 2016.535
10 2013.703
12 2017.872
14 2016.704
16 2018.338
18 2015.658
20 2019.868
22 2013.890
24 2013.224
2 2044.150
4 2014.308
6 2017.170
8 2013.331
10 2052.990
12 2013.369
14 2016.341
16 2013.395
18 2017.304
20 2014.430
22 2016.493
24 2013.358
2 2017.962
4 2014.737
6 2057.392
8 2014.485
10 2041.809
12 2017.799
14 2014.576
16 2018.959
18 2014.400
20 2016.843
22 2013.856
24 2027.478
2 2014.906
4 2017.422
6 2013.734
8 2014.304
10 2013.858
12 2013.925
14 2018.070
16 2015.636
18 2016.557
20 2013.736
22 2017.075
24 2013.265
2 2019.379
4 2013.384
6 2016.659
8 2013.382
10 2016.217
12 2016.107
14 2013.576
16 2015.590
18 2013.377
20 2016.547
22 2013.126
24 2017.676
2 2013.303
4 2017.156
6 2013.724
8 2015.989
10 2013.936
12 2016.293
14 2014.360
16 2014.720
18 2015.040
20 2013.268
22 2016.792
24 2013.837
2 2018.249
4 2014.673
6 2016.837
8 2013.245
10 2054.000
12 2027.912
14 2030.791
16 2025.389
18 2017.384
20 2014.973
22 2030.554
24 2013.509
2 2027.187
4 2026.195
6 2024.286
8 2017.642
10 2026.877
12 2025.034
14 2013.259
16 2031.254
18 2014.719
20 2018.053
22 2027.940
24 2021.460
2 2016.477
4 2016.749
6 2028.369
8 2027.057
10 2014.321
12 2014.262
14 2050.276
16 2027.343
18 2022.268
20 2013.694
22 2019.967
24 2013.761
2 2017.002
4 2013.603
6 2030.073
8 2014.342
10 2018.055
12 2013.944
14 2013.590
16 2013.628
18 2017.067
20 2029.478
22 2013.661
24 2017.268
2 2013.890
4 2030.622
6 2013.839
8 2016.890
10 2013.512
12 2028.922
14 2023.417
16 2017.284
18 2025.898
20 2029.856
22 2013.272
24 2013.579
2 2017.131
4 2027.119
6 2058.071
8 2014.021
10 2017.340
12 2013.895
14 2024.320
16 2018.993
18 2014.022
20 2013.515
22 2014.052
24 2035.884
2 2017.115
4 2013.731
6 2017.231
8 2014.395
10 2016.583
12 2014.156
14 2017.487
16 2013.804
18 2017.390
20 2013.790
22 2013.196
24 2013.502
2 2013.982
4 2017.976
6 2013.772
8 2016.595
10 2013.627
12 2017.156
14 2014.368
16 2017.062
18 2013.447
20 2030.213
22 2016.651
24 2028.641
2 2013.688
4 2016.456
6 2022.168
8 2013.889
10 2016.898
12 2014.079
14 2016.578
16 2013.338
18 2016.611
20 2012.809
22 2017.650
24 2014.948
2 2017.530
4 2013.491
6 2017.482
8 2014.120
10 2013.301
12 2019.527
14 2014.565
16 2017.995
18 2016.430
20 2017.044
22 2014.859
24 2018.150
