2 1719.529
4 886.600
6 666.911
8 513.183
10 473.315
12 460.923
14 475.747
16 463.957
18 499.537
20 456.015
22 384.281
24 431.332
2 1727.029
4 882.819
6 661.620
8 524.159
10 461.979
12 443.993
14 475.912
16 471.558
18 469.277
20 391.852
22 408.792
24 398.283
2 1718.350
4 915.224
6 639.161
8 520.173
10 454.266
12 447.990
14 475.439
16 499.708
18 423.089
20 454.793
22 441.483
24 427.083
2 1709.901
4 903.026
6 635.122
8 504.190
10 455.831
12 475.391
14 486.560
16 508.807
18 393.365
20 429.299
22 420.940
24 435.225
2 1719.041
4 910.709
6 658.643
8 499.929
10 463.137
12 472.039
14 476.482
16 447.856
18 455.654
20 420.587
22 401.015
24 467.250
2 1707.009
4 894.484
6 634.703
8 536.521
10 480.839
12 466.520
14 423.885
16 462.783
18 414.499
20 444.709
22 413.648
24 397.522
2 1720.327
4 898.542
6 668.514
8 517.386
10 474.978
12 490.632
14 475.482
16 511.096
18 466.295
20 435.704
22 380.391
24 496.654
2 1714.173
4 923.838
6 649.612
8 500.714
10 489.734
12 453.683
14 496.381
16 467.607
18 424.885
20 435.750
22 380.445
24 424.342
2 1711.419
4 909.194
6 633.902
8 525.212
10 482.077
12 454.906
14 498.992
16 503.298
18 397.641
20 447.286
22 385.739
24 396.872
2 1723.906
4 886.051
6 630.985
8 520.396
10 466.194
12 481.244
14 471.583
16 431.271
18 445.778
20 463.836
22 428.439
24 476.316
2 1700.201
4 914.771
6 654.807
8 512.866
10 478.194
12 474.554
14 490.513
16 436.332
18 423.692
20 395.018
22 392.741
24 598.664
2 1721.444
4 913.672
6 640.576
8 511.838
10 475.740
12 459.670
14 477.733
16 483.896
18 449.714
20 393.524
22 408.713
24 388.691
2 1721.918
4 888.934
6 653.616
8 506.394
10 471.267
12 454.400
14 468.811
16 426.885
18 469.182
20 439.497
22 367.119
24 395.452
2 1718.754
4 909.814
6 643.735
8 499.985
10 475.748
12 490.378
14 489.832
16 463.708
18 467.698
20 439.057
22 415.974
24 401.486
2 1719.923
4 908.404
6 634.481
8 503.177
10 465.306
12 487.420
14 452.502
16 459.148
18 417.995
20 431.526
22 388.459
24 402.222
2 1712.613
4 916.524
6 650.016
8 515.713
10 457.350
12 460.459
14 475.354
16 478.580
18 427.787
20 430.151
22 396.186
24 1007.181
2 1711.834
4 893.310
6 638.891
8 518.615
10 465.496
12 472.809
14 482.128
16 468.100
18 411.818
20 433.112
22 373.461
24 390.459
2 1716.470
4 904.626
6 662.187
8 522.286
10 474.950
12 473.002
14 493.718
16 497.376
18 407.001
20 402.650
22 385.806
24 469.754
2 1708.399
4 911.175
6 637.387
8 526.360
10 475.737
12 455.845
14 508.823
16 485.626
18 459.060
20 429.337
22 361.113
24 428.545
2 1716.340
4 903.581
6 661.860
8 509.135
10 471.024
12 460.493
14 492.443
16 497.556
18 455.424
20 373.653
22 397.640
24 395.508
