2 70.129
4 46.125
6 34.627
8 28.504
10 29.076
12 25.753
14 29.502
16 26.638
18 24.374
20 20.564
22 37.724
24 30.631
2 80.634
4 46.139
6 32.873
8 39.122
10 27.979
12 24.141
14 27.704
16 28.101
18 24.907
20 26.217
22 20.600
24 28.303
2 81.139
4 46.483
6 35.252
8 27.330
10 27.784
12 24.478
14 23.291
16 25.390
18 21.872
20 29.818
22 20.538
24 27.782
2 81.440
4 45.387
6 34.895
8 25.411
10 26.069
12 28.425
14 29.769
16 26.115
18 23.576
20 22.956
22 40.242
24 25.560
2 80.690
4 46.603
6 34.154
8 24.232
10 27.432
12 27.498
14 23.045
16 19.588
18 21.485
20 21.793
22 21.214
24 31.089
2 79.978
4 45.703
6 35.310
8 27.293
10 34.887
12 34.737
14 30.423
16 27.997
18 19.666
20 22.767
22 24.107
24 26.297
2 83.391
4 46.490
6 34.777
8 28.023
10 35.208
12 25.640
14 27.303
16 25.263
18 24.201
20 25.990
22 24.800
24 26.611
2 82.129
4 45.778
6 30.718
8 28.402
10 27.607
12 34.301
14 30.615
16 26.542
18 22.968
20 24.130
22 19.706
24 23.080
2 80.352
4 46.070
6 35.152
8 27.155
10 25.282
12 22.021
14 28.695
16 22.907
18 28.911
20 26.770
22 24.437
24 31.654
2 81.429
4 45.820
6 34.653
8 28.402
10 35.634
12 27.240
14 28.187
16 26.027
18 28.269
20 29.737
22 23.135
24 34.166
2 77.268
4 45.277
6 31.561
8 40.851
10 25.547
12 26.252
14 27.700
16 23.856
18 22.193
20 25.491
22 26.100
24 74.739
2 80.578
4 46.222
6 34.695
8 38.632
10 27.118
12 26.448
14 32.714
16 23.729
18 26.318
20 22.087
22 19.437
24 32.596
2 81.338
4 46.099
6 49.143
8 22.316
10 25.474
12 28.362
14 28.594
16 26.731
18 32.308
20 30.498
22 26.653
24 52.041
2 79.564
4 45.070
6 34.520
8 37.068
10 34.474
12 24.426
14 23.333
16 25.710
18 26.471
20 27.314
22 24.237
24 43.397
2 81.533
4 39.123
6 35.061
8 28.456
10 26.355
12 25.129
14 24.517
16 21.360
18 20.762
20 37.700
22 27.100
24 29.298
2 80.340
4 30.110
6 34.605
8 29.061
10 27.236
12 26.601
14 29.242
16 25.120
18 19.649
20 27.322
22 32.968
24 46.812
2 80.664
4 46.657
6 35.199
8 23.759
10 28.329
12 34.147
14 22.347
16 23.008
18 23.609
20 29.841
22 25.305
24 40.331
2 81.288
4 46.597
6 43.919
8 27.393
10 26.178
12 33.399
14 27.337
16 25.199
18 26.837
20 18.668
22 23.158
24 23.016
2 81.545
4 46.451
6 34.848
8 27.708
10 33.879
12 29.400
14 27.242
16 36.028
18 26.737
20 28.856
22 22.432
24 33.038
2 81.284
4 46.095
6 34.585
8 28.765
10 27.462
12 26.029
14 25.279
16 29.122
18 27.080
20 28.889
22 22.430
24 23.734
