2 79.562
4 49.531
6 26.949
8 29.898
10 27.118
12 29.579
14 37.607
16 40.179
18 47.944
20 64.487
22 67.323
24 91.317
2 80.067
4 45.133
6 34.339
8 27.254
10 29.465
12 30.828
14 33.084
16 37.412
18 45.201
20 54.248
22 62.131
24 70.299
2 77.312
4 44.683
6 37.043
8 31.740
10 28.610
12 28.632
14 34.968
16 34.420
18 44.840
20 55.531
22 64.771
24 80.617
2 79.883
4 49.583
6 35.796
8 33.607
10 32.553
12 29.312
14 37.219
16 40.011
18 54.683
20 53.560
22 59.159
24 75.656
2 78.920
4 49.340
6 33.694
8 31.313
10 28.890
12 29.774
14 34.423
16 44.026
18 47.272
20 52.688
22 62.415
24 87.131
2 79.694
4 43.965
6 34.526
8 30.488
10 28.805
12 31.778
14 34.860
16 41.448
18 45.393
20 45.829
22 60.708
24 81.080
2 79.772
4 45.183
6 34.611
8 30.964
10 27.221
12 27.329
14 34.960
16 43.888
18 45.315
20 59.981
22 55.480
24 197.884
2 79.531
4 44.938
6 33.920
8 32.155
10 28.602
12 28.780
14 35.740
16 44.535
18 46.567
20 58.259
22 65.348
24 88.769
2 79.634
4 39.110
6 36.791
8 26.826
10 29.288
12 30.723
14 35.622
16 40.351
18 45.645
20 50.275
22 70.248
24 85.825
2 79.688
4 45.206
6 34.199
8 31.246
10 29.387
12 28.509
14 36.204
16 37.373
18 50.156
20 56.627
22 56.837
24 78.357
2 80.346
4 44.836
6 34.562
8 32.846
10 31.008
12 31.202
14 35.322
16 43.474
18 49.190
20 49.970
22 73.032
24 111.719
2 79.204
4 49.203
6 37.875
8 30.110
10 28.728
12 30.186
14 32.398
16 34.174
18 50.097
20 60.291
22 61.195
24 86.850
2 79.686
4 44.505
6 34.447
8 30.805
10 32.853
12 31.974
14 29.848
16 41.096
18 52.858
20 64.111
22 66.726
24 100.950
2 79.606
4 49.917
6 32.540
8 30.239
10 28.830
12 24.765
14 37.342
16 43.124
18 52.540
20 52.275
22 64.933
24 61.356
2 80.145
4 49.829
6 37.845
8 31.183
10 29.423
12 28.317
14 34.965
16 41.803
18 51.439
20 57.121
22 65.683
24 104.538
2 79.817
4 49.382
6 38.138
8 29.181
10 25.452
12 28.274
14 27.854
16 35.728
18 51.191
20 53.810
22 65.277
24 65.618
2 79.237
4 45.006
6 33.800
8 30.746
10 29.007
12 26.915
14 34.850
16 39.234
18 50.547
20 54.914
22 69.706
24 76.753
2 58.588
4 44.836
6 35.773
8 26.163
10 24.548
12 29.643
14 37.076
16 41.383
18 43.891
20 47.152
22 56.131
24 68.004
2 79.314
4 48.769
6 36.187
8 30.221
10 29.470
12 29.811
14 28.075
16 40.930
18 51.679
20 60.785
22 67.910
24 75.731
2 80.374
4 49.439
6 34.275
8 29.957
10 29.542
12 31.045
14 36.846
16 43.633
18 49.680
20 51.799
22 66.051
24 115.953
