2 109.535
4 109.543
6 109.838
8 109.285
10 109.183
12 109.274
14 109.867
16 109.512
18 109.201
20 109.269
22 109.244
24 135.492
2 117.051
4 117.356
6 116.600
8 124.749
10 111.074
12 109.783
14 109.201
16 109.191
18 109.210
20 109.227
22 109.303
24 109.890
2 109.145
4 109.217
6 109.589
8 109.174
10 109.919
12 109.268
14 109.302
16 109.213
18 109.386
20 109.419
22 114.895
24 109.382
2 109.581
4 109.193
6 109.231
8 109.304
10 135.041
12 129.811
14 135.585
16 109.409
18 134.213
20 117.581
22 109.268
24 134.824
2 110.060
4 109.338
6 134.758
8 144.871
10 135.078
12 135.660
14 134.166
16 135.863
18 134.000
20 135.194
22 109.394
24 133.965
2 134.477
4 126.213
6 135.099
8 135.470
10 134.303
12 135.422
14 134.189
16 109.259
18 118.729
20 147.305
22 109.275
24 126.421
2 120.112
4 109.382
6 135.166
8 121.533
10 135.893
12 135.261
14 130.771
16 135.037
18 125.800
20 133.869
22 127.741
24 109.481
2 121.203
4 134.348
6 137.190
8 110.074
10 109.349
12 109.171
14 134.248
16 145.801
18 109.240
20 135.979
22 132.541
24 135.797
2 136.296
4 135.118
6 109.230
8 109.214
10 134.563
12 136.872
14 127.978
16 134.633
18 109.945
20 109.322
22 114.361
24 109.301
2 119.798
4 109.369
6 135.832
8 125.403
10 109.193
12 109.258
14 133.390
16 110.992
18 126.785
20 118.538
22 135.841
24 130.555
2 132.866
4 125.947
6 118.712
8 135.527
10 128.957
12 109.552
14 157.956
16 135.933
18 134.626
20 109.373
22 116.205
24 135.855
2 109.147
4 109.212
6 109.641
8 112.311
10 119.096
12 121.892
14 122.521
16 120.235
18 135.378
20 136.028
22 110.231
24 109.217
2 134.935
4 109.378
6 133.620
8 109.171
10 134.639
12 126.866
14 109.275
16 130.848
18 135.099
20 134.139
22 109.269
24 109.338
2 110.626
4 110.100
6 109.226
8 109.368
10 110.040
12 109.227
14 109.209
16 127.203
18 109.204
20 109.550
22 109.840
24 109.158
2 109.224
4 109.221
6 109.210
8 109.197
10 109.299
12 109.770
14 109.174
16 112.516
18 109.940
20 109.383
22 109.744
24 109.493
2 109.096
4 109.152
6 109.752
8 109.258
10 109.547
12 109.163
14 109.196
16 109.208
18 109.269
20 110.110
22 109.228
24 109.217
2 110.019
4 109.221
6 109.182
8 109.226
10 109.233
12 109.973
14 109.196
16 109.370
18 109.316
20 109.223
22 109.308
24 109.323
2 109.491
4 109.200
6 110.087
8 109.721
10 109.533
12 109.761
14 109.284
16 109.178
18 109.286
20 109.352
22 109.319
24 109.133
2 109.217
4 109.449
6 109.247
8 110.120
10 109.237
12 109.569
14 109.976
16 109.240
18 109.659
20 109.271
22 109.600
24 109.231
2 109.099
4 109.332
6 109.304
8 109.445
10 109.772
12 109.252
14 109.263
16 109.196
18 110.506
20 110.710
22 109.494
24 109.190
