2 140.544
4 116.093
6 142.182
8 142.329
10 140.737
12 142.278
14 140.595
16 142.156
18 141.313
20 141.451
22 115.720
24 141.767
2 115.744
4 115.793
6 141.141
8 132.006
10 141.046
12 115.778
14 136.764
16 140.789
18 136.578
20 141.013
22 142.094
24 140.398
2 141.375
4 140.747
6 147.526
8 133.971
10 147.080
12 147.779
14 142.486
16 115.741
18 141.032
20 115.693
22 141.639
24 141.085
2 137.271
4 142.146
6 115.788
8 132.066
10 132.357
12 140.725
14 115.857
16 115.778
18 115.772
20 115.976
22 115.961
24 115.918
2 115.988
4 116.127
6 115.702
8 116.336
10 115.765
12 115.797
14 115.747
16 115.703
18 115.883
20 115.759
22 115.750
24 115.829
2 115.782
4 115.860
6 115.721
8 115.774
10 115.824
12 115.866
14 121.369
16 116.312
18 115.751
20 115.897
22 115.932
24 115.768
2 115.753
4 115.789
6 115.927
8 119.230
10 115.682
12 115.891
14 115.737
16 115.904
18 115.695
20 128.263
22 115.950
24 115.930
2 121.375
4 115.777
6 115.789
8 115.715
10 115.736
12 116.792
14 115.709
16 115.766
18 115.816
20 115.800
22 115.667
24 115.757
2 115.895
4 117.248
6 115.998
8 115.782
10 115.742
12 115.775
14 116.104
16 115.761
18 115.824
20 116.079
22 115.765
24 115.838
2 115.755
4 115.771
6 115.882
8 115.724
10 115.839
12 115.855
14 115.787
16 116.954
18 115.692
20 115.772
22 115.818
24 115.979
2 124.213
4 124.605
6 115.743
8 116.035
10 122.896
12 115.748
14 117.846
16 117.678
18 123.471
20 140.898
22 138.721
24 115.757
2 115.764
4 115.774
6 115.709
8 116.683
10 117.040
12 116.677
14 118.941
16 115.808
18 116.710
20 115.794
22 115.754
24 115.761
2 115.798
4 115.747
6 140.768
8 115.766
10 140.014
12 136.977
14 141.025
16 138.917
18 141.071
20 140.004
22 141.022
24 136.658
2 141.808
4 115.747
6 132.131
8 142.176
10 140.978
12 115.793
14 135.671
16 133.306
18 140.162
20 115.706
22 141.856
24 115.827
2 141.307
4 115.731
6 140.176
8 141.235
10 136.207
12 139.980
14 141.417
16 135.572
18 140.837
20 141.261
22 141.874
24 115.737
2 141.185
4 141.331
6 116.698
8 140.942
10 139.091
12 145.539
14 141.492
16 140.921
18 142.017
20 140.583
22 137.155
24 115.851
2 119.180
4 115.925
6 115.815
8 141.294
10 115.901
12 115.737
14 115.752
16 115.791
18 115.908
20 115.761
22 117.362
24 115.767
2 115.751
4 118.857
6 115.822
8 115.768
10 115.807
12 136.374
14 118.783
16 115.768
18 115.903
20 116.488
22 119.348
24 115.820
2 136.783
4 122.471
6 126.509
8 115.776
10 140.167
12 115.893
14 149.154
16 115.884
18 132.103
20 115.812
22 141.294
24 116.216
2 139.744
4 121.368
6 141.640
8 131.407
10 115.862
12 121.418
14 116.048
16 115.872
18 116.044
20 115.979
22 115.974
24 141.496
