2 111.545
4 111.852
6 111.844
8 111.680
10 111.786
12 111.761
14 111.604
16 111.954
18 112.240
20 111.671
22 114.621
24 111.977
2 111.969
4 111.947
6 111.594
8 112.075
10 112.123
12 111.680
14 115.144
16 115.006
18 111.688
20 111.871
22 111.637
24 114.671
2 111.652
4 112.040
6 112.197
8 111.630
10 111.797
12 111.755
14 111.736
16 111.865
18 111.644
20 111.422
22 112.444
24 111.891
2 111.686
4 111.748
6 111.832
8 111.771
10 111.912
12 111.808
14 111.993
16 112.001
18 111.775
20 111.674
22 111.949
24 112.269
2 114.584
4 112.264
6 111.624
8 111.997
10 111.619
12 112.136
14 111.730
16 111.803
18 111.713
20 111.740
22 111.702
24 111.817
2 111.780
4 115.063
6 111.903
8 111.752
10 111.453
12 111.644
14 111.725
16 114.741
18 111.638
20 111.547
22 111.932
24 111.491
2 111.648
4 111.775
6 120.784
8 135.019
10 111.638
12 114.655
14 111.665
16 111.734
18 112.358
20 112.078
22 112.630
24 135.116
2 111.767
4 111.788
6 111.793
8 111.583
10 137.778
12 111.493
14 112.737
16 111.963
18 114.919
20 114.670
22 138.124
24 137.661
2 132.191
4 132.696
6 115.867
8 132.549
10 138.143
12 136.551
14 138.303
16 136.291
18 136.591
20 111.795
22 136.244
24 111.595
2 136.271
4 130.319
6 134.776
8 135.189
10 111.601
12 131.429
14 111.925
16 111.930
18 111.547
20 112.211
22 138.050
24 136.873
2 111.815
4 111.656
6 111.629
8 112.098
10 114.720
12 112.471
14 111.867
16 112.958
18 114.842
20 111.945
22 111.997
24 112.642
2 111.720
4 111.605
6 111.625
8 111.590
10 111.707
12 111.579
14 111.951
16 111.985
18 111.731
20 112.558
22 112.814
24 111.970
2 112.648
4 111.629
6 111.601
8 111.656
10 111.730
12 112.679
14 111.669
16 111.698
18 111.553
20 111.412
22 111.630
24 111.739
2 111.585
4 111.730
6 111.687
8 111.708
10 111.581
12 111.705
14 112.494
16 112.453
18 111.700
20 111.594
22 112.358
24 111.750
2 111.853
4 111.623
6 111.634
8 111.677
10 112.566
12 111.681
14 112.588
16 111.550
18 111.613
20 111.766
22 111.767
24 111.790
2 128.781
4 111.767
6 112.053
8 111.755
10 112.781
12 111.698
14 112.545
16 111.679
18 112.790
20 111.886
22 111.771
24 111.513
2 111.786
4 112.006
6 112.619
8 111.667
10 111.795
12 111.614
14 112.750
16 111.872
18 111.475
20 111.668
22 111.784
24 111.699
2 111.684
4 111.694
6 111.653
8 111.681
10 111.720
12 111.619
14 112.554
16 112.559
18 111.811
20 112.538
22 111.637
24 111.834
2 111.574
4 111.575
6 111.802
8 111.728
10 111.762
12 111.605
14 112.034
16 111.540
18 111.799
20 111.594
22 111.964
24 111.510
2 111.804
4 111.885
6 111.999
8 114.731
10 114.763
12 115.076
14 115.420
16 119.308
18 117.358
20 114.025
22 111.495
24 116.942
