2 270.067
4 162.420
6 134.067
8 178.054
10 171.406
12 193.667
14 198.740
16 188.803
18 177.171
20 191.074
22 216.143
24 193.257
2 218.683
4 159.373
6 160.069
8 180.327
10 170.696
12 165.197
14 173.312
16 181.659
18 188.398
20 211.476
22 207.051
24 203.772
2 258.732
4 151.638
6 160.690
8 173.954
10 179.311
12 198.744
14 172.531
16 178.472
18 204.760
20 169.121
22 207.601
24 191.357
2 257.305
4 154.231
6 161.394
8 174.191
10 180.035
12 187.796
14 161.526
16 171.579
18 200.179
20 175.287
22 169.004
24 219.412
2 260.628
4 138.532
6 157.395
8 178.659
10 158.386
12 191.967
14 172.111
16 191.351
18 187.248
20 217.629
22 216.689
24 166.504
2 233.055
4 155.107
6 170.820
8 160.130
10 186.543
12 182.141
14 170.325
16 188.627
18 200.225
20 190.240
22 186.479
24 211.017
2 266.934
4 148.385
6 158.252
8 172.361
10 176.131
12 194.950
14 205.194
16 186.544
18 195.982
20 208.768
22 199.945
24 202.695
2 225.553
4 154.547
6 139.408
8 149.217
10 190.961
12 195.498
14 194.740
16 203.033
18 199.505
20 182.807
22 203.520
24 201.709
2 221.221
4 142.205
6 136.011
8 162.611
10 163.306
12 199.908
14 196.437
16 187.273
18 182.805
20 180.931
22 196.933
24 188.560
2 251.058
4 126.612
6 152.572
8 177.923
10 166.047
12 181.096
14 171.182
16 181.810
18 178.950
20 193.527
22 211.325
24 211.373
2 260.614
4 148.254
6 148.392
8 160.669
10 168.281
12 140.458
14 185.850
16 186.406
18 180.451
20 157.229
22 194.840
24 205.242
2 250.263
4 159.741
6 179.723
8 153.911
10 179.912
12 168.915
14 179.475
16 148.669
18 175.805
20 197.811
22 169.868
24 194.748
2 264.944
4 161.470
6 154.882
8 191.997
10 182.572
12 158.545
14 170.421
16 168.238
18 179.185
20 181.075
22 162.337
24 221.333
2 277.090
4 188.847
6 176.284
8 155.918
10 191.158
12 173.485
14 204.659
16 186.508
18 187.855
20 193.942
22 196.864
24 207.617
2 278.680
4 174.671
6 170.663
8 182.624
10 173.745
12 179.872
14 188.768
16 183.845
18 208.294
20 200.576
22 199.630
24 195.398
2 265.051
4 160.875
6 168.096
8 291.548
10 170.798
12 194.590
14 148.179
16 185.721
18 167.116
20 184.100
22 218.758
24 199.040
2 282.874
4 163.637
6 190.221
8 114.121
10 190.295
12 196.829
14 179.079
16 186.073
18 201.746
20 205.142
22 211.648
24 200.132
2 259.341
4 162.831
6 160.418
8 313.180
10 161.195
12 169.453
14 197.467
16 178.842
18 215.933
20 201.647
22 188.283
24 197.711
2 284.724
4 167.475
6 147.549
8 298.674
10 187.563
12 185.889
14 173.707
16 199.667
18 201.532
20 189.606
22 202.507
24 176.572
2 262.785
4 150.334
6 138.348
8 121.619
10 186.075
12 188.697
14 203.143
16 192.994
18 149.958
20 195.718
22 190.641
24 201.495
