2 248.790
4 178.974
6 185.564
8 214.012
10 220.011
12 215.552
14 213.831
16 175.393
18 205.224
20 216.251
22 176.774
24 202.944
2 225.630
4 157.104
6 196.764
8 261.312
10 222.393
12 183.382
14 203.456
16 196.250
18 197.846
20 196.125
22 217.763
24 207.637
2 230.367
4 167.938
6 174.976
8 286.670
10 235.110
12 205.290
14 185.727
16 192.764
18 221.204
20 195.424
22 213.661
24 202.805
2 223.868
4 173.145
6 172.731
8 224.178
10 224.508
12 210.035
14 208.966
16 211.644
18 217.249
20 192.905
22 223.684
24 211.491
2 250.780
4 149.645
6 217.839
8 245.990
10 224.936
12 216.140
14 204.985
16 184.484
18 225.843
20 213.781
22 209.928
24 190.126
2 263.241
4 159.443
6 197.679
8 275.987
10 212.032
12 200.762
14 212.136
16 189.322
18 217.409
20 209.531
22 229.445
24 203.308
2 265.420
4 162.406
6 170.946
8 293.447
10 198.612
12 197.491
14 188.818
16 173.402
18 197.552
20 204.586
22 225.169
24 226.654
2 214.706
4 152.251
6 166.536
8 263.546
10 233.979
12 198.550
14 204.201
16 205.858
18 223.597
20 219.630
22 192.122
24 232.820
2 247.367
4 137.078
6 179.922
8 296.716
10 194.283
12 220.570
14 207.146
16 205.167
18 194.484
20 231.816
22 218.645
24 204.091
2 237.630
4 180.544
6 170.903
8 309.950
10 219.721
12 224.496
14 206.450
16 202.189
18 213.007
20 219.177
22 198.383
24 216.214
2 208.701
4 168.800
6 189.486
8 185.581
10 203.372
12 213.366
14 220.692
16 188.053
18 209.733
20 196.490
22 214.160
24 230.401
2 275.207
4 187.393
6 193.943
8 187.514
10 227.134
12 194.668
14 163.040
16 203.008
18 211.628
20 196.619
22 200.436
24 251.436
2 249.648
4 152.217
6 186.496
8 197.264
10 187.478
12 205.058
14 199.218
16 209.723
18 221.738
20 233.826
22 212.943
24 239.023
2 204.885
4 147.226
6 210.671
8 195.857
10 194.323
12 197.278
14 181.258
16 190.878
18 223.933
20 201.710
22 212.634
24 219.884
2 266.744
4 176.849
6 214.312
8 200.265
10 202.659
12 209.941
14 201.015
16 181.188
18 187.481
20 234.704
22 191.839
24 212.891
2 266.491
4 173.757
6 188.939
8 139.315
10 202.423
12 232.800
14 221.040
16 213.881
18 213.494
20 220.372
22 218.839
24 207.724
2 258.117
4 171.505
6 167.220
8 171.262
10 217.894
12 222.111
14 220.425
16 194.064
18 209.444
20 200.227
22 212.303
24 216.996
2 270.348
4 184.936
6 196.540
8 142.072
10 206.649
12 214.786
14 192.106
16 211.602
18 182.892
20 205.715
22 206.459
24 213.874
2 283.204
4 173.240
6 189.506
8 166.715
10 201.311
12 211.513
14 198.940
16 191.909
18 195.699
20 237.505
22 220.278
24 222.009
2 241.790
4 176.654
6 192.198
8 152.512
10 224.912
12 216.650
14 178.248
16 192.651
18 195.932
20 217.895
22 227.701
24 214.605
