2 241.977
4 174.811
6 176.696
8 240.642
10 196.720
12 213.412
14 191.229
16 182.266
18 216.806
20 202.273
22 218.712
24 172.575
2 231.894
4 152.161
6 193.121
8 300.723
10 208.437
12 203.304
14 186.410
16 171.971
18 209.235
20 192.750
22 184.255
24 219.147
2 269.743
4 170.275
6 190.940
8 150.934
10 192.586
12 203.427
14 204.086
16 162.074
18 202.199
20 202.021
22 191.843
24 196.406
2 253.842
4 143.028
6 182.676
8 147.752
10 227.854
12 191.005
14 191.239
16 206.815
18 196.460
20 199.764
22 180.074
24 188.249
2 222.868
4 163.310
6 194.565
8 169.618
10 229.378
12 192.133
14 187.526
16 197.784
18 210.177
20 195.637
22 211.640
24 204.288
2 249.392
4 160.343
6 238.164
8 141.683
10 230.205
12 182.905
14 204.235
16 223.621
18 159.190
20 192.600
22 224.394
24 196.300
2 200.100
4 161.992
6 175.506
8 141.897
10 191.879
12 225.066
14 211.822
16 180.235
18 209.277
20 197.228
22 207.949
24 210.979
2 214.116
4 172.111
6 179.758
8 144.978
10 193.643
12 192.081
14 162.583
16 178.422
18 189.278
20 220.328
22 197.138
24 203.933
2 212.408
4 133.186
6 212.121
8 187.302
10 177.054
12 175.728
14 214.046
16 205.453
18 183.505
20 182.191
22 196.556
24 214.999
2 194.920
4 167.765
6 188.923
8 160.082
10 204.968
12 201.937
14 196.437
16 191.680
18 195.283
20 218.626
22 172.472
24 204.606
2 238.778
4 179.918
6 195.187
8 165.584
10 199.985
12 215.672
14 202.087
16 208.810
18 191.876
20 188.861
22 202.013
24 232.328
2 238.740
4 140.392
6 191.390
8 172.165
10 201.948
12 210.005
14 216.934
16 220.153
18 199.425
20 195.110
22 205.075
24 220.218
2 196.759
4 166.635
6 180.368
8 174.535
10 171.037
12 203.612
14 175.011
16 164.842
18 210.708
20 218.064
22 217.216
24 213.927
2 251.200
4 161.767
6 170.266
8 162.050
10 204.916
12 210.421
14 195.548
16 200.006
18 209.757
20 168.445
22 208.822
24 229.905
2 239.473
4 172.799
6 186.374
8 151.024
10 195.409
12 213.694
14 194.940
16 203.077
18 190.170
20 207.781
22 218.991
24 208.999
2 241.257
4 146.596
6 162.676
8 188.728
10 200.013
12 214.413
14 221.475
16 202.258
18 219.914
20 216.455
22 212.716
24 231.311
2 248.425
4 151.397
6 180.784
8 206.067
10 218.378
12 208.232
14 190.560
16 199.083
18 190.116
20 207.971
22 198.217
24 220.498
2 236.910
4 152.318
6 162.166
8 164.872
10 212.647
12 188.879
14 177.992
16 187.164
18 182.796
20 200.718
22 194.268
24 219.258
2 213.099
4 171.853
6 181.822
8 181.308
10 191.864
12 202.268
14 199.462
16 187.647
18 192.414
20 192.471
22 222.538
24 208.786
2 259.105
4 175.023
6 189.169
8 180.159
10 220.127
12 173.655
14 192.513
16 169.043
18 182.484
20 215.100
22 204.531
24 216.205
