2 229.710
4 149.991
6 137.160
8 186.119
10 181.369
12 178.059
14 190.338
16 168.229
18 193.251
20 200.423
22 187.011
24 165.730
2 262.949
4 155.459
6 172.154
8 180.504
10 179.355
12 176.373
14 169.155
16 150.502
18 194.549
20 185.327
22 189.020
24 185.198
2 224.253
4 142.618
6 150.153
8 284.186
10 183.211
12 187.886
14 205.600
16 181.221
18 154.863
20 199.573
22 200.640
24 211.815
2 225.734
4 134.747
6 146.572
8 159.354
10 158.021
12 187.394
14 192.995
16 172.927
18 186.492
20 209.669
22 192.710
24 212.630
2 203.597
4 150.412
6 154.026
8 178.278
10 171.555
12 158.407
14 176.327
16 192.260
18 178.520
20 189.869
22 190.885
24 205.058
2 261.036
4 142.466
6 154.107
8 150.734
10 164.199
12 188.662
14 154.847
16 188.621
18 191.564
20 188.252
22 208.284
24 207.925
2 203.272
4 149.133
6 163.122
8 166.334
10 175.020
12 173.585
14 154.528
16 186.662
18 186.592
20 184.306
22 180.578
24 199.933
2 216.219
4 132.406
6 160.207
8 145.405
10 134.909
12 180.986
14 169.224
16 154.740
18 172.830
20 192.943
22 168.836
24 188.176
2 205.880
4 154.124
6 154.788
8 165.267
10 176.884
12 182.003
14 174.734
16 164.660
18 159.578
20 175.830
22 173.504
24 202.477
2 266.719
4 153.504
6 144.738
8 158.294
10 155.100
12 175.109
14 198.914
16 187.484
18 184.241
20 156.140
22 181.692
24 170.074
2 256.308
4 143.668
6 162.584
8 176.640
10 182.678
12 175.277
14 177.046
16 173.192
18 186.381
20 158.386
22 162.921
24 152.921
2 236.735
4 148.717
6 149.670
8 163.675
10 162.185
12 172.533
14 180.433
16 195.746
18 196.626
20 193.247
22 194.434
24 194.897
2 209.601
4 163.720
6 158.605
8 183.685
10 136.492
12 145.774
14 184.060
16 195.012
18 189.131
20 181.396
22 201.219
24 171.173
2 215.462
4 162.074
6 146.753
8 173.346
10 173.452
12 156.706
14 178.192
16 181.656
18 175.170
20 173.522
22 186.999
24 171.577
2 233.742
4 144.211
6 144.235
8 252.427
10 155.238
12 177.416
14 179.782
16 167.422
18 183.737
20 169.538
22 208.209
24 188.968
2 217.245
4 159.854
6 155.142
8 170.221
10 180.292
12 182.408
14 183.959
16 177.117
18 187.791
20 166.347
22 197.932
24 211.374
2 223.005
4 160.385
6 147.270
8 158.074
10 170.650
12 153.052
14 191.197
16 188.346
18 179.171
20 200.863
22 219.292
24 214.865
2 251.445
4 155.540
6 152.340
8 171.632
10 171.560
12 166.083
14 168.982
16 200.824
18 186.439
20 186.613
22 213.427
24 165.374
2 236.107
4 151.387
6 152.554
8 199.124
10 148.967
12 166.320
14 189.399
16 190.577
18 183.319
20 162.013
22 177.983
24 206.845
2 209.020
4 145.468
6 158.858
8 142.978
10 163.915
12 188.000
14 186.362
16 172.267
18 185.732
20 175.028
22 166.540
24 195.268
