2 474.761
4 295.837
6 268.637
8 264.611
10 301.207
12 301.558
14 281.882
16 290.634
18 278.620
20 292.701
22 309.126
24 322.641
2 499.119
4 281.410
6 297.713
8 246.169
10 260.514
12 303.492
14 298.637
16 309.488
18 257.304
20 304.761
22 310.275
24 266.284
2 448.343
4 271.680
6 268.839
8 246.054
10 298.941
12 231.204
14 295.408
16 301.298
18 297.724
20 279.445
22 267.900
24 320.902
2 502.893
4 276.490
6 247.359
8 259.293
10 300.435
12 302.235
14 296.114
16 314.682
18 276.431
20 283.254
22 293.167
24 299.633
2 489.416
4 288.377
6 277.470
8 221.049
10 311.381
12 311.839
14 296.571
16 273.374
18 295.995
20 290.812
22 286.074
24 328.626
2 463.893
4 310.923
6 260.676
8 190.844
10 271.645
12 270.056
14 296.855
16 283.502
18 276.146
20 260.879
22 305.383
24 299.664
2 488.005
4 308.706
6 247.958
8 212.497
10 286.284
12 293.205
14 307.151
16 287.191
18 265.875
20 280.613
22 329.111
24 289.040
2 499.882
4 306.606
6 253.614
8 235.329
10 303.051
12 293.670
14 266.779
16 288.372
18 267.108
20 262.652
22 316.163
24 323.011
2 452.026
4 294.690
6 234.158
8 243.715
10 307.563
12 302.550
14 315.306
16 286.990
18 305.259
20 272.395
22 322.977
24 307.534
2 488.162
4 292.641
6 240.067
8 252.687
10 305.814
12 262.431
14 280.750
16 317.819
18 292.859
20 305.359
22 296.615
24 307.942
2 484.419
4 249.121
6 247.293
8 274.199
10 302.910
12 262.281
14 304.560
16 313.713
18 258.359
20 306.449
22 275.424
24 327.049
2 499.209
4 314.506
6 265.240
8 230.900
10 304.571
12 268.710
14 270.331
16 307.432
18 278.687
20 309.629
22 312.760
24 304.337
2 425.708
4 295.491
6 263.658
8 197.748
10 293.570
12 295.470
14 298.313
16 293.087
18 281.687
20 302.379
22 307.269
24 295.263
2 480.313
4 301.406
6 300.510
8 215.573
10 284.752
12 260.157
14 299.076
16 296.397
18 308.199
20 298.332
22 299.795
24 274.054
2 461.260
4 295.742
6 275.694
8 224.895
10 293.450
12 269.703
14 302.794
16 309.656
18 308.202
20 270.520
22 297.182
24 306.612
2 484.176
4 286.515
6 254.081
8 248.300
10 289.542
12 268.493
14 288.202
16 278.168
18 262.905
20 316.341
22 323.615
24 311.317
2 451.955
4 295.751
6 239.501
8 264.111
10 296.622
12 288.225
14 290.157
16 309.473
18 277.287
20 282.975
22 306.249
24 320.851
2 476.368
4 298.090
6 230.226
8 234.840
10 311.572
12 303.089
14 255.185
16 269.482
18 306.562
20 308.928
22 320.562
24 300.976
2 484.183
4 257.552
6 249.645
8 221.513
10 309.839
12 288.129
14 266.518
16 286.241
18 286.630
20 271.346
22 285.029
24 320.807
2 475.753
4 303.779
6 236.723
8 262.870
10 295.178
12 295.110
14 302.314
16 284.666
18 278.083
20 305.457
22 312.421
24 332.361
