2 1156.259
4 1132.476
6 1132.454
8 1133.997
10 1133.138
12 1133.313
14 1144.496
16 1148.905
18 1154.817
20 1158.454
22 1133.476
24 1137.915
2 1135.428
4 1136.057
6 1140.491
8 1135.560
10 1178.400
12 1151.397
14 1147.450
16 1171.211
18 1170.231
20 1190.631
22 1207.650
24 1207.278
2 1170.740
4 1186.024
6 1184.141
8 1168.932
10 1169.469
12 1169.123
14 1168.662
16 1168.680
18 1168.526
20 1168.113
22 1168.115
24 1168.409
2 1172.236
4 1184.624
6 1179.827
8 1192.448
10 1169.129
12 1168.476
14 1180.383
16 1168.498
18 1168.567
20 1197.563
22 1170.604
24 1168.880
2 1168.452
4 1168.371
6 1232.194
8 1170.704
10 1168.554
12 1194.432
14 1170.909
16 1168.629
18 1169.408
20 1170.826
22 1170.696
24 1171.059
2 1171.216
4 1171.144
6 1170.565
8 1182.566
10 1159.042
12 1178.506
14 1148.063
16 1146.146
18 1227.618
20 1179.622
22 1135.893
24 1155.625
2 1181.896
4 1169.929
6 1170.097
8 1170.128
10 1170.489
12 1170.184
14 1170.164
16 1170.205
18 1170.010
20 1170.406
22 1170.082
24 1170.291
2 1169.738
4 1169.996
6 1170.088
8 1170.537
10 1170.005
12 1169.605
14 1170.109
16 1169.874
18 1192.394
20 1171.445
22 1178.031
24 1173.518
2 1173.698
4 1173.777
6 1171.642
8 1171.034
10 1169.534
12 1170.174
14 1169.628
16 1169.761
18 1169.126
20 1171.521
22 1170.576
24 1168.113
2 1168.668
4 1169.421
6 1168.858
8 1169.113
10 1168.804
12 1168.597
14 1168.850
16 1173.616
18 1172.459
20 1173.477
22 1172.127
24 1167.162
