2 1150.830
4 1128.849
6 1127.435
8 1127.751
10 1127.432
12 1127.241
14 1127.429
16 1127.008
18 1127.355
20 1126.827
22 1127.185
24 1127.540
2 1127.039
4 1127.324
6 1127.498
8 1127.364
10 1127.161
12 1127.278
14 1128.004
16 1129.030
18 1129.229
20 1129.178
22 1129.452
24 1128.837
2 1128.630
4 1129.362
6 1129.022
8 1128.780
10 1128.931
12 1129.491
14 1129.591
16 1129.166
18 1129.104
20 1129.119
22 1129.485
24 1129.124
2 1129.052
4 1128.958
6 1129.127
8 1129.048
10 1129.505
12 1128.957
14 1129.222
16 1128.963
18 1128.836
20 1128.855
22 1129.432
24 1129.300
2 1131.370
4 1133.438
6 1132.939
8 1133.248
10 1132.863
12 1133.539
14 1133.428
16 1133.249
18 1133.510
20 1133.550
22 1133.743
24 1133.335
2 1133.043
4 1133.559
6 1133.449
8 1132.759
10 1133.121
12 1133.784
14 1133.716
16 1133.362
18 1133.344
20 1133.639
22 1133.775
24 1133.351
2 1133.609
4 1133.204
6 1133.243
8 1133.559
10 1133.464
12 1133.391
14 1133.534
16 1133.872
18 1133.224
20 1133.567
22 1133.575
24 1133.419
2 1133.489
4 1133.192
6 1133.231
8 1133.200
10 1133.649
12 1133.160
14 1133.162
16 1133.209
18 1133.233
20 1133.365
22 1133.341
24 1133.520
2 1133.598
4 1132.977
6 1133.714
8 1133.434
10 1133.434
12 1132.873
14 1134.313
16 1133.150
18 1133.207
20 1132.927
22 1133.496
24 1133.015
2 1133.913
4 1133.701
6 1133.447
8 1133.265
10 1133.697
12 1133.201
14 1133.754
16 1133.235
18 1133.347
20 1133.005
22 1133.573
24 1133.257
