2 66.081
4 66.033
6 64.890
8 65.001
10 64.952
12 64.912
14 65.049
16 64.890
18 64.892
20 64.777
22 64.933
24 64.952
2 65.096
4 64.923
6 64.916
8 64.867
10 64.936
12 65.009
14 65.016
16 65.098
18 64.779
20 64.930
22 64.923
24 64.814
2 64.934
4 65.063
6 64.952
8 65.254
10 64.943
12 64.944
14 64.900
16 64.842
18 64.954
20 64.950
22 64.908
24 64.879
2 64.901
4 64.936
6 65.120
8 64.925
10 64.828
12 64.955
14 64.938
16 64.953
18 64.960
20 64.916
22 64.907
24 64.912
2 64.874
4 64.918
6 64.943
8 64.932
10 64.950
12 64.925
14 64.955
16 64.848
18 64.944
20 64.921
22 65.110
24 64.922
2 64.941
4 64.920
6 64.918
8 64.955
10 64.950
12 65.068
14 64.911
16 65.059
18 64.901
20 64.917
22 65.071
24 64.942
2 64.938
4 64.957
6 64.964
8 64.918
10 65.063
12 64.902
14 64.922
16 64.938
18 65.083
20 64.851
22 65.093
24 65.066
2 64.860
4 64.977
6 64.916
8 64.924
10 64.900
12 64.922
14 64.930
16 64.867
18 64.878
20 64.903
22 64.838
24 64.929
2 65.149
4 64.886
6 64.945
8 64.911
10 64.867
12 64.879
14 64.834
16 64.847
18 64.942
20 64.834
22 65.055
24 64.912
2 64.943
4 65.025
6 64.892
8 64.855
10 64.934
12 64.844
14 64.849
16 64.939
18 64.905
20 64.916
22 65.060
24 65.014
2 66.482
4 66.473
6 66.844
8 66.464
10 65.510
12 65.638
14 65.485
16 65.696
18 65.664
20 65.319
22 65.517
24 65.370
2 65.517
4 65.489
6 65.462
8 65.440
10 65.370
12 65.508
14 65.641
16 65.618
18 65.489
20 65.686
22 65.319
24 65.469
2 65.494
4 65.503
6 65.508
8 65.528
10 65.483
12 65.478
14 65.425
16 65.493
18 65.522
20 65.509
22 65.531
24 65.485
2 65.511
4 65.484
6 65.477
8 65.517
10 65.424
12 65.563
14 65.430
16 65.475
18 65.490
20 65.501
22 65.519
24 65.514
2 65.509
4 65.465
6 65.472
8 65.439
10 65.524
12 65.495
14 65.681
16 65.425
18 65.458
20 65.556
22 65.523
24 65.481
2 65.480
4 65.505
6 65.414
8 65.484
10 65.496
12 65.531
14 65.610
16 65.519
18 65.597
20 64.509
22 64.488
24 64.554
2 64.577
4 64.562
6 64.542
8 64.483
10 64.584
12 64.538
14 64.512
16 64.481
18 64.516
20 64.587
22 64.501
24 64.475
2 64.539
4 64.555
6 64.487
8 64.519
10 64.538
12 64.548
14 64.591
16 64.470
18 64.529
20 64.522
22 64.575
24 64.536
2 64.548
4 64.536
6 64.558
8 64.491
10 64.672
12 64.423
14 64.388
16 64.498
18 64.561
20 64.426
22 64.532
24 64.537
2 64.401
4 64.571
6 64.534
8 64.538
10 64.517
12 64.657
14 64.540
16 66.467
18 66.481
20 65.503
22 65.464
24 65.531
