2 66.289
4 65.234
6 67.569
8 65.624
10 65.567
12 65.627
14 65.617
16 69.399
18 61.734
20 61.684
22 61.667
24 65.361
2 64.783
4 65.251
6 63.066
8 61.385
10 61.487
12 61.615
14 61.600
16 61.668
18 61.593
20 62.309
22 66.182
24 61.606
2 61.663
4 61.585
6 61.595
8 61.602
10 61.610
12 66.075
14 67.496
16 66.644
18 67.586
20 65.132
22 61.454
24 61.637
2 61.576
4 61.701
6 61.625
8 61.478
10 63.225
12 61.586
14 61.576
16 61.637
18 61.627
20 61.556
22 61.564
24 61.556
2 61.737
4 65.329
6 61.288
8 64.208
10 61.273
12 61.707
14 62.230
16 66.286
18 63.973
20 63.070
22 62.173
24 65.731
2 63.566
4 62.238
6 61.393
8 61.639
10 61.479
12 61.470
14 61.477
16 64.748
18 64.393
20 61.451
22 61.467
24 61.539
2 67.257
4 65.304
6 61.186
8 64.834
10 61.778
12 62.886
14 61.302
16 62.987
18 64.956
20 66.471
22 64.312
24 63.675
2 63.163
4 63.917
6 63.805
8 62.887
10 62.798
12 64.533
14 63.567
16 63.626
18 64.005
20 65.555
22 63.283
24 67.307
2 63.616
4 65.229
6 72.251
8 63.469
10 63.540
12 64.820
14 64.187
16 71.866
18 64.096
20 64.538
22 72.128
24 63.626
2 65.108
4 65.340
6 64.521
8 65.036
10 63.904
12 63.678
14 64.856
16 64.329
18 65.438
20 70.978
22 66.241
24 64.951
2 68.769
4 68.467
6 77.680
8 74.946
10 65.492
12 63.051
14 63.685
16 63.279
18 62.733
20 62.615
22 63.437
24 63.061
2 62.779
4 63.107
6 62.849
8 71.737
10 62.151
12 62.440
14 62.444
16 63.007
18 64.645
20 62.951
22 62.739
24 62.083
2 63.250
4 63.175
6 62.844
8 62.728
10 63.519
12 62.850
14 62.909
16 62.999
18 63.526
20 69.842
22 68.706
24 63.032
2 63.470
4 63.013
6 63.418
8 62.955
10 63.251
12 70.619
14 64.884
16 62.952
18 62.973
20 62.250
22 63.095
24 62.966
2 63.029
4 68.823
6 63.085
8 63.007
10 63.374
12 63.418
14 63.000
16 71.342
18 63.301
20 63.682
22 62.563
24 62.540
2 64.828
4 70.331
6 62.488
8 69.973
10 63.050
12 65.574
14 63.983
16 61.491
18 63.275
20 66.140
22 61.587
24 62.647
2 63.560
4 64.843
6 61.578
8 66.338
10 65.864
12 65.310
14 65.155
16 65.781
18 64.081
20 63.604
22 63.305
24 64.563
2 64.276
4 63.914
6 61.274
8 61.724
10 61.710
12 61.796
14 61.683
16 61.679
18 61.667
20 61.735
22 61.713
24 64.375
2 61.700
4 61.671
6 61.728
8 61.580
10 61.753
12 61.723
14 61.726
16 61.660
18 65.306
20 61.876
22 63.667
24 63.248
2 62.519
4 61.849
6 61.859
8 64.611
10 64.506
12 61.391
14 62.009
16 62.005
18 62.013
20 61.939
22 61.943
24 61.968
