2 1351.904
4 771.124
6 564.413
8 475.577
10 430.138
12 392.489
14 391.977
16 371.776
18 429.803
20 606.436
22 677.824
24 759.145
2 1357.567
4 784.668
6 569.304
8 475.547
10 426.982
12 394.895
14 395.717
16 358.496
18 441.712
20 530.023
22 682.278
24 868.884
2 1359.908
4 797.013
6 558.174
8 467.991
10 431.910
12 411.687
14 365.225
16 363.946
18 427.229
20 581.332
22 734.350
24 822.984
2 1381.482
4 790.059
6 569.261
8 474.540
10 441.734
12 401.025
14 396.927
16 378.702
18 385.845
20 586.254
22 710.199
24 951.512
2 1354.778
4 782.511
6 570.807
8 477.481
10 437.020
12 413.798
14 389.665
16 374.735
18 402.184
20 536.061
22 631.030
24 855.125
2 1357.653
4 790.727
6 570.878
8 477.213
10 437.608
12 396.544
14 392.424
16 377.085
18 423.705
20 571.983
22 709.994
24 956.781
2 1377.531
4 786.827
6 572.156
8 475.034
10 442.388
12 417.947
14 384.307
16 375.078
18 412.703
20 617.288
22 645.387
24 920.978
2 1358.317
4 791.197
6 562.436
8 475.504
10 429.169
12 417.065
14 390.648
16 373.416
18 474.758
20 556.543
22 708.121
24 814.311
2 1357.408
4 780.789
6 546.775
8 478.617
10 432.904
12 414.600
14 393.622
16 374.156
18 429.951
20 569.132
22 706.440
24 809.844
2 1353.042
4 792.573
6 573.487
8 478.757
10 431.579
12 407.268
14 382.197
16 371.386
18 421.112
20 545.496
22 694.323
24 813.324
2 1389.347
4 779.591
6 567.958
8 470.793
10 435.511
12 403.587
14 377.564
16 375.797
18 368.442
20 561.394
22 663.145
24 846.720
2 1351.956
4 773.764
6 570.486
8 468.229
10 426.937
12 425.771
14 383.000
16 364.063
18 460.915
20 573.429
22 644.682
24 776.121
2 1352.518
4 784.894
6 576.471
8 476.477
10 432.878
12 401.725
14 388.069
16 374.191
18 456.466
20 591.330
22 674.329
24 718.796
2 1360.916
4 785.200
6 567.753
8 462.892
10 432.972
12 417.899
14 388.870
16 373.211
18 470.723
20 604.495
22 723.841
24 793.858
2 1360.692
4 782.706
6 564.572
8 475.018
10 438.438
12 414.765
14 385.942
16 369.245
18 435.605
20 582.345
22 707.812
24 828.748
2 1354.312
4 774.836
6 571.459
8 471.203
10 430.618
12 406.198
14 397.112
16 374.217
18 437.802
20 570.573
22 717.835
24 884.815
2 1361.747
4 787.407
6 568.239
8 479.819
10 437.264
12 413.378
14 388.930
16 368.801
18 414.146
20 538.313
22 669.971
24 959.514
2 1346.344
4 776.041
6 573.629
8 457.831
10 427.304
12 414.185
14 381.063
16 359.772
18 431.911
20 542.928
22 694.495
24 785.553
2 1354.348
4 787.850
6 564.616
8 472.429
10 430.024
12 412.534
14 389.410
16 367.861
18 440.787
20 604.774
22 661.103
24 839.545
2 1382.802
4 783.253
6 573.215
8 483.559
10 427.192
12 411.069
14 389.086
16 361.643
18 451.786
20 537.974
22 666.849
24 773.783
