2 2051.233
4 2055.763
6 2052.752
8 2056.515
10 2051.755
12 2054.888
14 2052.742
16 2054.632
18 2051.884
20 2054.893
22 2054.414
24 2050.922
2 2052.497
4 2052.729
6 2073.588
8 2051.798
10 2054.183
12 2050.792
14 2086.967
16 2052.419
18 2055.108
20 2053.648
22 2057.369
24 2053.750
2 2055.750
4 2053.997
6 2056.855
8 2051.711
10 2054.707
12 2053.354
14 2054.722
16 2052.807
18 2053.220
20 2053.993
22 2053.603
24 2055.511
2 2053.674
4 2054.899
6 2054.662
8 2056.710
10 2052.848
12 2054.711
14 2052.093
16 2055.096
18 2052.362
20 2053.901
22 2051.049
24 2052.749
2 2052.319
4 2052.146
6 2055.769
8 2052.877
10 2099.095
12 2053.149
14 2055.425
16 2051.742
18 2055.515
20 2052.431
22 2054.617
24 2052.424
2 2054.052
4 2050.782
6 2055.082
8 2051.450
10 2055.083
12 2052.166
14 2051.797
16 2053.832
18 2053.135
20 2058.500
22 2054.688
24 2058.551
2 2053.591
4 2056.872
6 2053.189
8 2058.738
10 2053.042
12 2056.520
14 2055.644
16 2054.901
18 2053.774
20 2055.034
22 2052.576
24 2055.349
2 2052.205
4 2053.752
6 2054.867
8 2053.550
10 2055.891
12 2055.215
14 2054.784
16 2050.618
18 2056.573
20 2053.797
22 2054.344
24 2053.357
2 2056.002
4 2055.796
6 2056.758
8 2051.669
10 2055.174
12 2054.428
14 2053.847
16 2055.443
18 2053.792
20 2053.112
22 2051.314
24 2059.262
2 2056.024
4 2055.311
6 2054.364
8 2056.959
10 2053.907
12 2058.696
14 2055.069
16 2055.521
18 2053.824
20 2057.319
22 2053.865
24 2059.154
2 2066.496
4 2065.834
6 2062.695
8 2069.958
10 2048.494
12 2062.245
14 2066.695
16 2066.968
18 2066.669
20 2066.685
22 2052.472
24 2054.143
2 2052.481
4 2044.247
6 2065.043
8 2052.967
10 2042.708
12 2041.453
14 2067.822
16 2053.218
18 2057.599
20 2066.694
22 2062.520
24 2047.055
2 2095.488
4 2047.734
6 2057.660
8 2047.323
10 2102.408
12 2065.533
14 2064.920
16 2051.227
18 2067.145
20 2063.357
22 2045.839
24 2040.575
2 2052.056
4 2053.604
6 2062.202
8 2068.516
10 2060.776
12 2055.850
14 2052.603
16 2056.535
18 2053.368
20 2059.310
22 2055.904
24 2081.898
2 2056.044
4 2055.032
6 2052.518
8 2057.547
10 2053.558
12 2056.673
14 2058.721
16 2051.235
18 2053.106
20 2048.460
22 2074.665
24 2050.399
2 2053.746
4 2050.554
6 2100.728
8 2048.883
10 2053.458
12 2050.132
14 2055.615
16 2052.212
18 2055.860
20 2052.027
22 2054.687
24 2048.066
2 2051.738
4 2049.388
6 2052.649
8 2050.754
10 2050.454
12 2054.271
14 2049.387
16 2054.953
18 2050.552
20 2071.441
22 2048.957
24 2053.588
2 2051.825
4 2055.092
6 2050.520
8 2054.943
10 2050.871
12 2049.415
14 2052.371
16 2050.605
18 2054.699
20 2050.752
22 2055.116
24 2051.069
2 2055.918
4 2050.294
6 2054.956
8 2051.123
10 2056.081
12 2049.705
14 2056.339
16 2051.702
18 2056.682
20 2049.462
22 2052.320
24 2051.758
2 2051.756
4 2054.032
6 2052.685
8 2053.710
10 2051.164
12 2056.431
14 2051.723
16 2055.965
18 2050.257
20 2055.334
22 2051.605
24 2054.940
