2 1541.198
4 859.563
6 645.819
8 550.970
10 488.287
12 488.310
14 436.800
16 385.290
18 354.015
20 329.472
22 310.565
24 287.794
2 1576.379
4 845.470
6 642.104
8 537.396
10 471.782
12 459.350
14 385.006
16 390.230
18 355.889
20 318.367
22 307.472
24 289.312
2 1534.826
4 856.804
6 632.871
8 527.835
10 479.438
12 471.173
14 424.315
16 381.481
18 345.150
20 314.832
22 297.808
24 338.270
2 1567.605
4 886.973
6 636.079
8 526.776
10 496.054
12 471.156
14 408.945
16 386.121
18 356.675
20 329.008
22 300.472
24 332.791
2 1560.300
4 872.947
6 639.576
8 527.231
10 492.612
12 460.397
14 429.686
16 349.847
18 341.110
20 316.133
22 308.997
24 461.990
2 1499.530
4 874.595
6 639.816
8 531.331
10 493.655
12 417.191
14 442.486
16 356.391
18 349.864
20 338.862
22 299.450
24 298.562
2 1582.929
4 859.142
6 637.937
8 543.237
10 472.183
12 467.046
14 429.041
16 387.674
18 350.096
20 328.353
22 303.819
24 286.913
2 1546.038
4 885.191
6 625.218
8 553.824
10 510.994
12 450.867
14 370.789
16 376.231
18 345.730
20 330.131
22 309.879
24 289.334
2 1568.257
4 853.560
6 648.447
8 514.303
10 498.338
12 453.604
14 423.916
16 362.607
18 351.563
20 322.088
22 302.916
24 282.510
2 1559.800
4 838.414
6 624.464
8 532.139
10 472.110
12 487.694
14 423.122
16 384.322
18 361.077
20 324.211
22 302.307
24 291.777
2 1550.079
4 836.843
6 648.945
8 556.902
10 506.066
12 457.444
14 428.418
16 378.874
18 353.934
20 321.142
22 306.116
24 313.524
2 1523.860
4 848.266
6 633.793
8 554.730
10 498.976
12 468.473
14 425.336
16 401.106
18 349.120
20 323.373
22 311.555
24 610.523
2 1554.249
4 855.526
6 647.478
8 551.092
10 520.453
12 484.947
14 430.482
16 379.524
18 356.081
20 332.011
22 300.277
24 497.593
2 1579.809
4 855.802
6 651.652
8 544.810
10 479.201
12 471.753
14 418.000
16 393.524
18 350.675
20 319.676
22 317.190
24 379.933
2 1536.225
4 862.311
6 661.664
8 543.773
10 496.135
12 472.854
14 434.552
16 386.950
18 349.460
20 331.152
22 304.307
24 454.330
2 1540.404
4 862.735
6 640.027
8 540.721
10 482.184
12 463.121
14 428.138
16 396.795
18 369.532
20 326.547
22 302.080
24 454.739
2 1547.510
4 867.512
6 636.322
8 549.540
10 495.940
12 476.203
14 431.873
16 390.789
18 358.798
20 326.290
22 303.940
24 331.728
2 1558.253
4 857.596
6 635.404
8 543.633
10 483.085
12 474.004
14 427.938
16 385.558
18 347.916
20 328.050
22 328.013
24 313.289
2 1554.871
4 858.020
6 650.104
8 553.038
10 494.558
12 475.390
14 426.350
16 379.064
18 349.512
20 322.900
22 304.505
24 352.455
2 1580.334
4 863.483
6 662.672
8 540.112
10 503.269
12 477.731
14 424.588
16 397.723
18 351.209
20 329.517
22 307.740
24 342.507
