2 1993.026
4 1993.621
6 1997.779
8 1992.938
10 1996.265
12 1992.335
14 2024.043
16 1995.733
18 1997.988
20 1993.041
22 1998.754
24 1991.255
2 1993.338
4 1994.273
6 1993.842
8 1991.989
10 2019.047
12 1997.375
14 1992.526
16 1994.732
18 1993.653
20 1993.311
22 1990.916
24 1994.772
2 1991.947
4 1991.190
6 1990.421
8 1992.801
10 1993.372
12 1990.708
14 2029.342
16 1992.342
18 1994.358
20 1990.933
22 1994.870
24 1991.494
2 1991.393
4 1991.157
6 1991.021
8 1991.764
10 1991.513
12 1996.164
14 1990.108
16 1995.124
18 1994.066
20 1993.564
22 1994.136
24 1993.475
2 1990.279
4 1990.146
6 1994.503
8 1991.615
10 1995.776
12 1992.075
14 2016.519
16 1988.615
18 1991.243
20 2006.451
22 2007.451
24 2007.175
2 1995.394
4 1994.534
6 1999.610
8 1992.097
10 1996.784
12 1993.024
14 1995.961
16 1992.937
18 1991.655
20 1990.720
22 1993.684
24 1995.964
2 1991.792
4 2000.888
6 1993.911
8 1996.112
10 1994.221
12 2012.812
14 1992.743
16 1995.267
18 1995.839
20 1993.938
22 1995.385
24 1992.026
2 1995.785
4 1992.259
6 1997.050
8 1993.199
10 1994.758
12 1993.398
14 1996.892
16 1991.674
18 1996.900
20 1993.469
22 1994.361
24 1996.215
2 1991.640
4 2008.453
6 1991.315
8 1993.700
10 1992.950
12 1995.144
14 1992.143
16 1994.749
18 1991.845
20 1991.400
22 1990.199
24 1990.467
2 1995.242
4 1991.971
6 1994.836
8 1990.873
10 1993.445
12 1991.453
14 1995.566
16 1992.769
18 1992.511
20 1992.205
22 1992.605
24 1992.741
