2 1437.845
4 861.398
6 619.710
8 526.107
10 486.036
12 450.854
14 404.469
16 382.206
18 413.654
20 563.896
22 724.651
24 879.721
2 1430.697
4 867.222
6 630.817
8 531.219
10 452.285
12 455.058
14 408.672
16 377.629
18 443.084
20 615.269
22 728.593
24 861.881
2 1446.468
4 867.270
6 625.321
8 513.398
10 488.774
12 439.658
14 417.890
16 380.741
18 440.461
20 600.133
22 670.168
24 827.470
2 1456.581
4 864.217
6 615.382
8 539.114
10 465.836
12 448.343
14 417.313
16 382.984
18 397.463
20 589.084
22 692.084
24 999.530
2 1441.589
4 857.842
6 613.122
8 537.796
10 466.349
12 445.490
14 412.931
16 378.916
18 421.903
20 611.818
22 723.605
24 849.393
2 1434.892
4 883.360
6 621.325
8 509.630
10 471.301
12 447.723
14 411.670
16 382.549
18 407.490
20 569.926
22 680.561
24 835.934
2 1444.186
4 867.264
6 626.328
8 528.213
10 479.564
12 457.601
14 419.055
16 387.922
18 441.403
20 572.874
22 695.538
24 818.065
2 1436.342
4 849.527
6 628.535
8 515.975
10 487.580
12 446.294
14 399.876
16 388.901
18 466.765
20 543.869
22 677.266
24 850.482
2 1367.975
4 870.074
6 630.859
8 525.118
10 476.803
12 445.227
14 418.092
16 385.528
18 378.265
20 586.958
22 673.064
24 931.339
2 1445.939
4 848.781
6 628.870
8 523.661
10 471.931
12 444.672
14 408.100
16 373.300
18 423.247
20 600.462
22 715.482
24 865.263
2 1431.582
4 863.770
6 641.713
8 503.214
10 478.065
12 450.116
14 404.966
16 390.834
18 413.385
20 581.556
22 698.037
24 846.801
2 1432.819
4 877.804
6 629.018
8 516.450
10 475.893
12 441.073
14 392.981
16 380.511
18 438.470
20 591.636
22 724.089
24 811.601
2 1435.915
4 856.426
6 628.080
8 528.563
10 483.836
12 444.667
14 416.655
16 383.897
18 430.494
20 582.736
22 727.387
24 815.467
2 1452.798
4 871.701
6 642.163
8 542.872
10 477.184
12 457.721
14 422.809
16 390.012
18 416.398
20 548.597
22 665.838
24 840.643
2 1441.374
4 857.191
6 626.541
8 522.367
10 493.374
12 458.171
14 412.483
16 383.738
18 436.327
20 555.540
22 684.174
24 816.900
2 1433.247
4 842.901
6 638.016
8 531.957
10 477.782
12 463.000
14 416.646
16 389.325
18 424.964
20 571.988
22 685.878
24 898.868
2 1436.729
4 873.027
6 631.749
8 519.754
10 472.015
12 460.279
14 416.005
16 377.228
18 378.187
20 539.942
22 670.962
24 839.350
2 1449.529
4 866.808
6 631.345
8 534.593
10 477.843
12 448.662
14 410.641
16 387.424
18 434.809
20 589.148
22 741.588
24 845.538
2 1443.157
4 854.643
6 637.696
8 526.175
10 487.316
12 451.626
14 406.737
16 388.186
18 367.013
20 480.390
22 682.331
24 843.677
2 1435.508
4 886.730
6 633.803
8 527.299
10 470.464
12 462.412
14 413.559
16 382.308
18 404.120
20 563.096
22 711.555
24 925.290
