2 1920.033
4 1910.450
6 1906.492
8 1908.194
10 1906.937
12 1907.884
14 1909.736
16 1909.117
18 1910.324
20 1905.686
22 1911.847
24 1906.595
2 1907.634
4 1910.221
6 1908.076
8 1911.005
10 1906.312
12 1911.630
14 1905.822
16 1910.045
18 1909.226
20 1905.212
22 1912.722
24 1907.164
2 1910.827
4 1907.511
6 1912.133
8 1908.818
10 1905.429
12 1907.957
14 1909.278
16 1910.756
18 1909.786
20 1922.012
22 1910.559
24 1909.822
2 1910.703
4 1907.893
6 1907.604
8 1907.279
10 1953.581
12 1907.141
14 1911.131
16 1905.569
18 1951.743
20 1910.217
22 1907.388
24 1907.866
2 1906.052
4 1912.845
6 1907.823
8 1910.051
10 1909.684
12 1910.695
14 1907.508
16 1906.913
18 1907.442
20 1908.097
22 1911.084
24 1907.221
2 1908.980
4 1905.962
6 1912.250
8 1909.372
10 1906.445
12 1934.429
14 1906.855
16 1911.609
18 1905.867
20 1933.642
22 1909.139
24 1908.852
2 1906.683
4 1906.310
6 1907.958
8 1909.531
10 1912.300
12 1909.692
14 1911.359
16 1907.129
18 1908.614
20 1906.325
22 1906.605
24 1907.752
2 1909.696
4 1910.168
6 1909.361
8 1910.148
10 1907.852
12 1949.569
14 1909.487
16 1908.758
18 1910.252
20 1907.824
22 1910.740
24 1910.465
2 1912.020
4 1910.166
6 1911.115
8 1907.937
10 1907.029
12 1913.258
14 1907.184
16 1912.324
18 1907.868
20 1913.545
22 1908.657
24 1909.134
2 1909.735
4 1908.241
6 1911.172
8 1905.885
10 1917.417
12 1907.423
14 1979.010
16 1906.834
18 1907.776
20 1905.810
22 1906.144
24 1914.099
2 1912.416
4 1908.375
6 1911.547
8 1906.947
10 1912.600
12 1910.219
14 1908.266
16 1908.961
18 1907.236
20 1910.510
22 1908.280
24 1911.919
2 1908.311
4 1909.744
6 1907.763
8 1907.930
10 1912.039
12 1911.801
14 1939.519
16 1910.384
18 1920.391
20 1905.713
22 1910.635
24 1909.962
2 1909.858
4 1914.705
6 1906.843
8 1911.755
10 1908.659
12 1908.895
14 1910.714
16 1906.963
18 1908.683
20 1909.866
22 1911.737
24 1906.636
2 1910.181
4 1906.457
6 1910.289
8 1907.831
10 1909.135
12 1908.182
14 1905.473
16 1951.202
18 1908.529
20 1911.611
22 1908.857
24 1911.795
2 1907.973
4 1907.083
6 1908.073
8 1907.465
10 1909.842
12 1906.180
14 1913.955
16 1907.840
18 1912.802
20 1906.790
22 1909.554
24 1911.629
2 1906.564
4 1912.530
6 1907.225
8 1920.461
10 1922.124
12 1908.734
14 1920.632
16 1920.701
18 1923.122
20 1905.988
22 1922.597
24 1921.996
2 1910.483
4 1919.447
6 1910.173
8 1906.176
10 1920.759
12 1921.787
14 1922.033
16 1912.053
18 1919.995
20 1912.187
22 1920.791
24 1922.127
2 1905.552
4 1926.566
6 1919.953
8 1921.260
10 1919.474
12 1923.885
14 1925.374
16 1906.640
18 1927.318
20 1924.857
22 1929.522
24 1924.267
2 1925.746
4 1905.934
6 1919.852
8 1924.640
10 1916.274
12 1910.337
14 1912.028
16 1934.653
18 1916.168
20 1911.062
22 1905.739
24 1915.510
2 1917.804
4 1921.843
6 1923.793
8 1921.285
10 1924.712
12 1906.643
14 1925.897
16 1910.590
18 1925.480
20 1911.461
22 1923.068
24 1913.432
