2 1425.899
4 791.829
6 567.890
8 484.250
10 444.167
12 405.659
14 395.063
16 360.032
18 337.354
20 322.904
22 315.307
24 295.673
2 1426.779
4 780.523
6 559.559
8 506.740
10 444.541
12 410.270
14 411.229
16 383.652
18 352.886
20 322.601
22 306.404
24 313.797
2 1450.980
4 792.881
6 592.053
8 490.957
10 439.056
12 402.591
14 377.148
16 337.328
18 352.419
20 319.395
22 306.197
24 303.467
2 1443.506
4 799.704
6 581.599
8 478.817
10 433.243
12 419.639
14 414.189
16 344.761
18 347.192
20 333.550
22 309.882
24 288.855
2 1416.928
4 774.154
6 582.229
8 467.203
10 435.329
12 427.983
14 382.071
16 360.490
18 405.723
20 316.293
22 303.027
24 292.328
2 1491.900
4 803.160
6 582.171
8 468.857
10 410.829
12 401.344
14 406.664
16 374.891
18 347.341
20 329.873
22 319.140
24 287.020
2 1450.162
4 786.341
6 586.787
8 472.964
10 423.925
12 418.245
14 412.887
16 339.808
18 330.784
20 329.966
22 299.145
24 301.724
2 1427.826
4 775.933
6 588.643
8 479.556
10 428.964
12 405.447
14 405.532
16 335.314
18 356.654
20 324.719
22 304.370
24 298.937
2 1471.300
4 776.406
6 589.085
8 490.781
10 432.284
12 438.135
14 407.339
16 378.649
18 346.820
20 318.921
22 313.680
24 302.295
2 1428.422
4 782.756
6 576.873
8 557.313
10 424.908
12 420.057
14 410.605
16 366.754
18 343.730
20 316.909
22 307.111
24 303.144
2 1368.357
4 805.712
6 579.270
8 483.541
10 445.566
12 409.786
14 425.398
16 381.217
18 348.455
20 316.231
22 309.277
24 346.791
2 1420.509
4 784.434
6 588.427
8 480.223
10 454.895
12 415.241
14 408.684
16 380.658
18 342.539
20 323.082
22 328.140
24 313.378
2 1444.664
4 769.568
6 590.849
8 492.106
10 446.477
12 425.666
14 408.434
16 380.951
18 341.054
20 320.141
22 307.073
24 321.062
2 1435.138
4 769.982
6 578.409
8 479.266
10 434.659
12 404.797
14 416.882
16 371.728
18 337.005
20 332.884
22 314.564
24 542.454
2 1402.293
4 776.463
6 583.883
8 494.465
10 445.294
12 416.774
14 414.021
16 381.891
18 360.620
20 337.780
22 301.806
24 410.953
2 1429.081
4 788.457
6 589.676
8 495.241
10 415.986
12 415.640
14 418.394
16 365.818
18 351.185
20 313.771
22 302.640
24 680.363
2 1443.888
4 805.597
6 600.875
8 486.622
10 427.830
12 425.176
14 415.000
16 372.211
18 347.195
20 318.553
22 303.399
24 432.169
2 1443.420
4 775.546
6 581.554
8 475.530
10 437.446
12 418.193
14 407.279
16 385.291
18 350.138
20 324.110
22 313.706
24 343.197
2 1376.520
4 792.104
6 579.128
8 462.480
10 421.827
12 419.320
14 405.947
16 385.601
18 349.914
20 327.356
22 304.896
24 347.730
2 1441.573
4 796.153
6 558.665
8 482.339
10 437.566
12 439.622
14 364.346
16 378.641
18 345.529
20 322.520
22 300.630
24 339.970
