2 1668.299
4 889.748
6 649.512
8 508.888
10 467.689
12 452.494
14 471.238
16 462.235
18 448.538
20 438.661
22 374.869
24 390.050
2 1674.461
4 887.102
6 636.510
8 511.683
10 494.247
12 426.079
14 454.273
16 460.224
18 463.027
20 463.150
22 433.170
24 380.257
2 1669.365
4 874.598
6 624.315
8 490.890
10 468.225
12 450.164
14 475.729
16 466.061
18 403.241
20 437.634
22 396.570
24 410.489
2 1673.985
4 880.568
6 631.064
8 490.428
10 464.292
12 456.000
14 452.479
16 458.384
18 413.785
20 406.633
22 425.493
24 430.809
2 1668.710
4 869.664
6 615.523
8 497.844
10 494.627
12 446.492
14 485.310
16 470.679
18 454.146
20 440.937
22 421.733
24 421.293
2 1672.261
4 907.184
6 643.553
8 506.195
10 468.715
12 466.471
14 478.535
16 436.622
18 406.972
20 403.351
22 367.410
24 424.368
2 1677.504
4 885.810
6 638.270
8 510.468
10 468.301
12 481.131
14 471.461
16 475.621
18 452.086
20 433.229
22 407.318
24 447.011
2 1664.034
4 878.308
6 624.727
8 491.757
10 476.654
12 463.727
14 468.552
16 428.852
18 463.909
20 445.204
22 373.130
24 416.378
2 1679.771
4 878.642
6 630.442
8 495.287
10 473.636
12 444.590
14 492.848
16 489.041
18 461.765
20 447.716
22 454.223
24 487.914
2 1667.973
4 882.110
6 627.936
8 504.120
10 502.526
12 451.182
14 480.122
16 465.884
18 406.328
20 440.302
22 361.569
24 422.849
