2 5.411
4 5.408
6 5.405
8 5.403
10 5.407
12 5.408
14 5.413
16 5.411
18 5.406
20 7.174
22 5.413
24 5.411
2 5.418
4 5.419
6 5.411
8 5.415
10 5.407
12 5.402
14 5.408
16 5.409
18 5.408
20 5.411
22 5.412
24 5.428
2 5.410
4 5.408
6 5.408
8 5.407
10 5.410
12 5.408
14 5.414
16 5.407
18 5.400
20 5.404
22 5.410
24 5.410
2 5.410
4 5.409
6 5.403
8 5.407
10 5.405
12 5.408
14 5.408
16 5.410
18 5.414
20 5.406
22 5.406
24 5.410
2 5.409
4 5.409
6 5.410
8 5.411
10 5.405
12 5.411
14 5.410
16 5.406
18 5.412
20 5.408
22 5.410
24 5.847
2 5.413
4 5.410
6 5.411
8 5.414
10 5.411
12 5.418
14 5.409
16 5.958
18 5.411
20 5.420
22 5.419
24 5.412
2 5.407
4 5.411
6 5.407
8 5.410
10 5.413
12 5.411
14 5.408
16 5.403
18 5.410
20 5.410
22 5.407
24 5.407
2 5.409
4 5.407
6 5.406
8 5.413
10 5.405
12 6.141
14 5.407
16 5.414
18 5.410
20 5.409
22 5.406
24 5.411
2 5.414
4 5.410
6 5.409
8 5.411
10 5.413
12 5.408
14 5.412
16 5.405
18 5.411
20 5.415
22 5.404
24 5.409
2 5.410
4 5.410
6 5.409
8 5.405
10 5.411
12 5.412
14 5.409
16 5.408
18 5.409
20 5.407
22 5.406
24 5.412
2 5.417
4 6.931
6 5.410
8 5.419
10 5.407
12 5.416
14 6.956
16 5.417
18 5.413
20 5.411
22 5.410
24 5.412
2 5.410
4 5.410
6 5.416
8 5.407
10 5.412
12 5.408
14 5.413
16 5.410
18 5.409
20 5.415
22 5.412
24 5.409
2 5.414
4 5.414
6 5.414
8 5.405
10 5.411
12 5.410
14 5.416
16 5.407
18 5.405
20 5.408
22 5.407
24 5.407
2 5.411
4 5.409
6 5.404
8 5.409
10 5.405
12 5.413
14 5.410
16 5.410
18 5.405
20 5.412
22 5.408
24 5.408
2 5.412
4 5.404
6 5.417
8 5.412
10 5.408
12 5.406
14 5.414
16 5.412
18 5.407
20 5.413
22 5.408
24 5.418
2 5.418
4 5.409
6 5.419
8 5.415
10 5.406
12 5.408
14 5.411
16 5.409
18 5.407
20 5.413
22 6.889
24 5.412
2 5.408
4 5.410
6 5.413
8 5.411
10 5.420
12 5.410
14 5.411
16 5.414
18 5.410
20 5.413
22 5.409
24 5.405
2 5.408
4 5.412
6 5.413
8 5.418
10 5.417
12 5.410
14 5.409
16 5.414
18 5.410
20 5.408
22 5.563
24 5.416
2 5.406
4 5.409
6 5.413
8 5.414
10 5.419
12 5.409
14 5.422
16 5.412
18 5.410
20 5.410
22 5.414
24 5.411
2 5.407
4 5.406
6 5.411
8 5.412
10 5.408
12 5.411
14 5.412
16 5.413
18 5.407
20 6.091
22 5.415
24 5.408
