2 4.978
4 4.979
6 4.981
8 4.983
10 4.980
12 4.981
14 4.979
16 4.982
18 4.982
20 4.979
22 4.981
24 4.980
2 4.986
4 4.980
6 4.986
8 4.976
10 4.979
12 4.982
14 4.985
16 5.841
18 4.987
20 4.979
22 4.984
24 4.981
2 4.982
4 4.980
6 4.982
8 4.981
10 4.977
12 4.977
14 4.984
16 4.977
18 4.982
20 4.982
22 4.982
24 4.994
2 4.982
4 4.981
6 4.980
8 4.982
10 4.989
12 4.981
14 4.980
16 4.981
18 4.980
20 4.981
22 4.983
24 4.984
2 4.984
4 4.981
6 4.984
8 4.979
10 4.978
12 4.983
14 4.981
16 4.982
18 4.980
20 4.986
22 6.330
24 4.983
2 4.983
4 4.986
6 4.980
8 4.982
10 4.982
12 4.982
14 4.981
16 4.981
18 4.980
20 4.983
22 4.983
24 4.984
2 4.987
4 4.980
6 4.983
8 4.979
10 4.983
12 4.979
14 4.982
16 4.982
18 4.985
20 4.984
22 4.980
24 4.984
2 4.982
4 4.978
6 4.981
8 4.979
10 4.992
12 4.982
14 4.987
16 4.990
18 4.983
20 4.982
22 4.983
24 4.983
2 4.982
4 4.983
6 4.980
8 4.983
10 4.983
12 4.980
14 4.981
16 4.975
18 4.986
20 4.980
22 4.977
24 4.980
2 4.982
4 4.983
6 4.980
8 4.981
10 4.986
12 4.986
14 4.982
16 4.982
18 4.980
20 4.988
22 4.994
24 4.985
2 4.982
4 4.982
6 4.980
8 4.978
10 4.979
12 4.979
14 4.983
16 4.975
18 4.977
20 4.981
22 4.980
24 4.982
2 4.982
4 4.983
6 4.979
8 4.979
10 4.978
12 4.982
14 4.981
16 4.979
18 4.987
20 5.543
22 7.147
24 4.978
2 4.986
4 4.981
6 4.980
8 4.981
10 4.983
12 4.979
14 4.981
16 4.981
18 4.981
20 4.981
22 4.980
24 4.981
2 4.982
4 4.983
6 4.981
8 4.980
10 4.983
12 4.981
14 4.985
16 4.980
18 4.978
20 4.982
22 4.981
24 4.984
2 4.981
4 4.984
6 4.981
8 4.980
10 4.976
12 4.975
14 4.981
16 4.978
18 4.981
20 4.983
22 4.978
24 4.980
2 4.980
4 4.984
6 4.979
8 4.981
10 4.982
12 4.981
14 4.980
16 4.981
18 4.984
20 4.981
22 4.981
24 4.981
2 4.978
4 4.980
6 4.982
8 4.982
10 4.980
12 4.986
14 4.984
16 4.983
18 4.986
20 4.980
22 4.980
24 4.987
2 4.989
4 4.984
6 4.984
8 4.982
10 4.978
12 4.980
14 4.977
16 4.978
18 4.978
20 4.978
22 4.982
24 4.980
2 4.985
4 4.981
6 4.976
8 4.983
10 4.977
12 4.979
14 4.983
16 4.980
18 4.983
20 4.981
22 4.978
24 4.977
2 4.985
4 4.980
6 4.982
8 4.980
10 4.979
12 4.985
14 4.980
16 4.980
18 4.981
20 4.981
22 5.174
24 4.990
