2 1977.600
4 1981.349
6 1979.743
8 1981.640
10 1979.562
12 2004.720
14 1979.390
16 1980.942
18 1979.158
20 2008.721
22 1978.342
24 1978.890
2 1980.520
4 1978.863
6 1981.059
8 1979.064
10 1981.397
12 1978.273
14 1981.638
16 1977.937
18 1979.080
20 1978.207
22 1978.334
24 1977.854
2 1977.735
4 1983.285
6 1977.387
8 1980.804
10 1977.438
12 2014.645
14 1978.342
16 1992.591
18 1979.604
20 1977.957
22 1984.208
24 1977.536
2 1982.093
4 1977.938
6 1983.960
8 1978.942
10 1981.329
12 1980.524
14 1981.877
16 1978.883
18 1980.607
20 1979.310
22 1978.483
24 1982.862
2 1978.322
4 2006.151
6 1978.578
8 1982.821
10 1977.328
12 2000.131
14 1979.589
16 1977.535
18 1978.600
20 1979.429
22 1980.988
24 1980.583
2 2025.697
4 1978.153
6 1982.805
8 1978.406
10 2014.540
12 1977.567
14 1982.981
16 1979.288
18 1978.087
20 1978.196
22 1978.239
24 1982.835
2 1979.569
4 1983.593
6 1979.678
8 1983.841
10 1979.692
12 1982.818
14 1978.648
16 1980.051
18 1978.363
20 1981.403
22 1981.498
24 1979.502
2 2050.191
4 1980.642
6 1982.015
8 1978.460
10 1983.864
12 1978.758
14 1981.651
16 1978.667
18 1978.053
20 1980.185
22 1977.463
24 1981.689
2 1980.822
4 1981.451
6 1978.996
8 1980.825
10 1979.845
12 1981.686
14 1977.288
16 1977.046
18 1977.293
20 1977.202
22 1980.493
24 1978.300
2 1980.719
4 1977.483
6 1984.177
8 1979.238
10 1981.297
12 1978.640
14 1982.000
16 1979.153
18 1978.235
20 1981.505
22 1977.851
24 1982.023
