2 1363.376
4 801.382
6 621.727
8 520.645
10 474.551
12 425.896
14 423.475
16 381.466
18 341.870
20 311.913
22 314.419
24 328.509
2 1388.470
4 815.642
6 623.338
8 526.179
10 473.137
12 427.542
14 414.908
16 371.225
18 343.759
20 318.320
22 304.881
24 289.558
2 1369.680
4 790.748
6 607.015
8 529.976
10 469.868
12 467.174
14 429.440
16 356.531
18 332.800
20 322.688
22 315.724
24 289.747
2 1366.686
4 804.371
6 615.400
8 534.156
10 489.798
12 453.845
14 415.172
16 375.896
18 352.040
20 319.452
22 303.970
24 287.194
2 1378.217
4 793.686
6 605.258
8 537.184
10 486.785
12 430.567
14 409.791
16 379.850
18 354.924
20 312.078
22 294.846
24 282.960
2 1385.853
4 816.416
6 612.648
8 534.132
10 490.835
12 466.717
14 410.891
16 424.208
18 346.145
20 321.727
22 298.161
24 306.728
2 1382.401
4 822.377
6 600.015
8 537.771
10 485.868
12 454.122
14 414.188
16 371.937
18 340.199
20 317.160
22 303.203
24 299.335
2 1369.823
4 810.455
6 620.056
8 538.370
10 471.511
12 470.128
14 400.803
16 380.273
18 340.296
20 312.359
22 296.442
24 284.545
2 1387.731
4 819.268
6 623.058
8 480.453
10 484.221
12 418.119
14 398.504
16 371.031
18 353.434
20 320.923
22 303.134
24 300.752
2 1363.914
4 800.120
6 616.039
8 523.187
10 485.941
12 469.951
14 419.757
16 362.733
18 335.595
20 315.490
22 309.409
24 282.574
