2 1676.197
4 888.103
6 670.033
8 489.229
10 467.120
12 441.936
14 445.880
16 424.581
18 490.516
20 397.983
22 425.822
24 393.173
2 1672.177
4 895.063
6 614.043
8 513.617
10 505.861
12 457.224
14 495.134
16 459.982
18 413.442
20 397.276
22 397.734
24 376.800
2 1678.880
4 892.591
6 629.949
8 484.970
10 458.577
12 454.529
14 487.296
16 475.068
18 440.681
20 443.180
22 391.021
24 410.115
2 1684.564
4 886.057
6 650.240
8 512.051
10 462.902
12 458.872
14 477.324
16 469.966
18 439.112
20 494.412
22 410.710
24 390.894
2 1652.491
4 863.762
6 612.361
8 487.664
10 464.706
12 489.136
14 477.056
16 434.313
18 448.691
20 443.389
22 387.510
24 396.376
2 1674.605
4 885.897
6 646.675
8 507.045
10 476.727
12 438.890
14 472.882
16 446.026
18 501.641
20 472.900
22 400.270
24 431.043
2 1677.702
4 899.001
6 616.535
8 506.114
10 475.430
12 460.344
14 484.753
16 470.512
18 454.006
20 447.982
22 465.347
24 368.016
2 1675.946
4 906.836
6 636.430
8 503.249
10 473.755
12 467.945
14 447.240
16 453.241
18 409.325
20 364.806
22 444.513
24 392.306
2 1716.721
4 883.159
6 635.756
8 498.445
10 481.200
12 445.710
14 483.780
16 490.805
18 455.315
20 463.106
22 430.634
24 404.622
2 1657.177
4 887.421
6 613.963
8 502.999
10 458.311
12 460.045
14 475.367
16 453.289
18 394.429
20 428.693
22 438.629
24 619.414
2 1669.411
4 886.383
6 635.286
8 525.713
10 496.104
12 444.444
14 480.422
16 474.079
18 414.461
20 449.481
22 422.849
24 599.888
2 1665.435
4 895.358
6 626.595
8 496.435
10 497.138
12 475.649
14 483.160
16 482.684
18 408.809
20 441.658
22 406.802
24 395.086
2 1675.729
4 887.913
6 596.931
8 514.338
10 460.669
12 455.857
14 473.830
16 432.758
18 428.676
20 380.738
22 407.274
24 407.806
2 1678.661
4 889.651
6 637.558
8 526.902
10 471.640
12 453.458
14 443.280
16 487.038
18 470.143
20 394.257
22 417.182
24 396.820
2 1671.258
4 891.081
6 625.920
8 496.665
10 502.384
12 483.457
14 451.360
16 503.798
18 462.135
20 387.441
22 386.569
24 398.357
2 1672.586
4 881.842
6 636.528
8 495.896
10 512.393
12 470.399
14 461.956
16 423.682
18 459.862
20 480.896
22 368.002
24 421.396
2 1675.819
4 894.266
6 629.073
8 491.021
10 474.037
12 470.316
14 443.787
16 477.766
18 459.144
20 377.342
22 422.151
24 440.557
2 1671.966
4 894.582
6 622.185
8 510.184
10 492.670
12 439.858
14 451.214
16 490.606
18 486.117
20 416.112
22 423.017
24 413.553
2 1672.767
4 889.065
6 647.434
8 496.746
10 475.023
12 456.537
14 461.023
16 449.340
18 461.624
20 378.607
22 371.977
24 389.657
2 1674.378
4 897.087
6 650.886
8 502.099
10 494.388
12 464.929
14 474.153
16 402.114
18 436.947
20 425.898
22 412.903
24 435.652
