2 1398.170
4 769.527
6 569.680
8 500.165
10 426.287
12 386.095
14 415.972
16 378.108
18 354.495
20 332.700
22 305.697
24 294.188
2 1398.908
4 759.176
6 611.812
8 489.341
10 459.063
12 444.520
14 414.362
16 366.660
18 351.998
20 330.056
22 317.731
24 296.078
2 1396.323
4 764.082
6 563.055
8 474.499
10 449.427
12 437.725
14 402.875
16 373.313
18 345.968
20 327.751
22 306.481
24 302.310
2 1401.164
4 763.697
6 574.730
8 479.792
10 423.359
12 439.174
14 392.771
16 362.115
18 359.450
20 327.648
22 327.346
24 289.015
2 1292.910
4 742.043
6 551.436
8 480.336
10 442.565
12 450.779
14 412.573
16 383.867
18 343.593
20 329.884
22 301.841
24 291.471
2 1390.300
4 763.167
6 561.689
8 465.858
10 458.074
12 436.527
14 395.456
16 382.488
18 361.748
20 328.219
22 302.191
24 297.715
2 1375.086
4 745.503
6 585.745
8 468.766
10 457.786
12 437.714
14 413.491
16 355.272
18 345.167
20 322.365
22 310.497
24 314.889
2 1392.826
4 771.831
6 572.972
8 499.613
10 462.371
12 416.592
14 387.506
16 379.059
18 350.108
20 329.427
22 317.094
24 290.520
2 1460.670
4 777.965
6 561.425
8 492.241
10 459.397
12 430.393
14 412.516
16 380.645
18 344.551
20 326.736
22 296.600
24 288.955
2 1420.063
4 766.383
6 571.817
8 481.806
10 451.990
12 425.031
14 420.474
16 380.299
18 345.207
20 329.026
22 311.720
24 315.425
