2 2036.123
4 2037.822
6 2035.792
8 2034.373
10 2048.837
12 2034.716
14 2038.742
16 2035.315
18 2038.481
20 2035.960
22 2037.762
24 2035.379
2 2038.990
4 2034.560
6 2038.205
8 2034.631
10 2037.541
12 2034.987
14 2037.348
16 2035.911
18 2034.146
20 2035.200
22 2034.468
24 2035.812
2 2034.506
4 2038.418
6 2034.267
8 2037.338
10 2035.095
12 2038.166
14 2035.025
16 2037.604
18 2034.689
20 2037.408
22 2035.623
24 2034.560
2 2035.915
4 2034.758
6 2038.622
8 2034.320
10 2038.074
12 2047.694
14 2037.376
16 2036.148
18 2037.998
20 2036.332
22 2073.681
24 2035.267
2 2037.268
4 2035.955
6 2070.113
8 2034.404
10 2038.769
12 2034.711
14 2035.984
16 2034.632
18 2035.482
20 2038.098
22 2035.802
24 2037.691
2 2035.602
4 2038.086
6 2034.824
8 2037.903
10 2035.577
12 2037.692
14 2036.060
16 2037.485
18 2035.500
20 2034.617
22 2034.431
24 2034.379
2 2037.718
4 2036.601
6 2037.116
8 2035.917
10 2038.043
12 2036.465
14 2037.291
16 2034.421
18 2038.154
20 2034.418
22 2039.936
24 2034.052
2 2034.403
4 2034.625
6 2035.131
8 2037.852
10 2034.353
12 2037.965
14 2035.509
16 2037.973
18 2034.382
20 2037.551
22 2035.062
24 2037.402
2 2034.336
4 2039.077
6 2035.318
8 2036.849
10 2035.893
12 2034.831
14 2038.778
16 2035.520
18 2039.167
20 2063.388
22 2050.669
24 2035.274
2 2037.246
4 2035.501
6 2037.980
8 2038.326
10 2040.052
12 2035.165
14 2038.644
16 2035.622
18 2035.167
20 2036.326
22 2034.907
24 2040.392
2 2037.989
4 2036.102
6 2038.372
8 2035.176
10 2038.398
12 2035.055
14 2034.545
16 2035.364
18 2034.467
20 2037.565
22 2035.221
24 2059.398
2 2036.241
4 2038.413
6 2034.923
8 2038.511
10 2034.930
12 2038.363
14 2035.185
16 2052.829
18 2035.686
20 2052.145
22 2037.404
24 2043.249
2 2048.188
4 2035.572
6 2047.669
8 2034.939
10 2051.339
12 2047.676
14 2038.221
16 2034.556
18 2049.351
20 2035.343
22 2050.289
24 2047.654
2 2052.524
4 2035.933
6 2051.756
8 2048.529
10 2045.206
12 2035.657
14 2049.021
16 2039.714
18 2035.363
20 2039.283
22 2035.761
24 2037.153
2 2034.602
4 2039.107
6 2035.368
8 2038.006
10 2035.241
12 2038.630
14 2034.855
16 2037.330
18 2035.895
20 2037.310
22 2035.954
24 2038.837
2 2034.917
4 2036.404
6 2034.496
8 2036.292
10 2037.607
12 2034.313
14 2039.099
16 2034.655
18 2037.755
20 2036.473
22 2038.851
24 2036.414
2 2039.128
4 2034.379
6 2038.537
8 2035.121
10 2099.432
12 2035.136
14 2038.679
16 2036.054
18 2034.670
20 2039.063
22 2034.992
24 2039.241
2 2034.553
4 2038.535
6 2034.596
8 2037.677
10 2035.269
12 2037.308
14 2034.536
16 2037.896
18 2035.952
20 2038.010
22 2036.976
24 2038.409
2 2034.889
4 2034.352
6 2034.652
8 2035.174
10 2075.690
12 2034.783
14 2037.405
16 2034.628
18 2037.864
20 2034.271
22 2038.634
24 2034.348
2 2037.850
4 2034.584
6 2039.065
8 2034.637
10 2035.852
12 2034.848
14 2034.559
16 2038.304
18 2035.600
20 2038.744
22 2034.380
24 2085.741
