2 1343.858
4 734.857
6 545.258
8 490.625
10 442.484
12 416.767
14 396.023
16 363.970
18 341.939
20 326.379
22 301.560
24 299.800
2 1386.989
4 737.437
6 551.549
8 471.331
10 441.918
12 427.454
14 409.543
16 371.892
18 347.602
20 320.474
22 314.054
24 302.701
2 1361.059
4 745.033
6 550.221
8 479.359
10 434.697
12 410.762
14 385.066
16 351.510
18 334.147
20 322.691
22 309.846
24 295.266
2 1313.449
4 749.601
6 562.323
8 462.772
10 434.179
12 437.056
14 406.884
16 371.850
18 335.637
20 326.695
22 301.096
24 292.243
2 1321.095
4 745.107
6 542.479
8 488.482
10 445.883
12 391.459
14 404.003
16 357.979
18 338.816
20 320.619
22 302.601
24 298.903
2 1322.386
4 726.981
6 550.033
8 473.962
10 427.346
12 409.541
14 389.999
16 362.800
18 339.069
20 318.416
22 304.968
24 288.447
2 1310.790
4 757.896
6 546.428
8 460.913
10 438.167
12 425.721
14 391.351
16 335.404
18 345.214
20 316.133
22 311.288
24 290.881
2 1326.607
4 742.507
6 561.507
8 466.608
10 432.813
12 418.296
14 389.091
16 344.504
18 340.984
20 321.287
22 312.709
24 291.180
2 1316.759
4 736.407
6 546.262
8 470.875
10 434.337
12 425.127
14 399.071
16 357.171
18 336.674
20 320.200
22 308.766
24 306.087
2 1327.414
4 743.447
6 557.841
8 474.377
10 438.986
12 424.452
14 384.403
16 368.503
18 338.703
20 320.975
22 312.077
24 304.062
