2 1448.369
4 810.544
6 636.795
8 553.030
10 497.734
12 461.370
14 427.939
16 380.061
18 352.503
20 320.403
22 302.505
24 288.370
2 1454.981
4 830.902
6 633.193
8 549.067
10 502.297
12 480.938
14 433.246
16 379.323
18 358.160
20 321.940
22 301.375
24 283.840
2 1423.846
4 838.350
6 631.939
8 558.411
10 506.275
12 484.016
14 434.720
16 387.591
18 365.332
20 328.532
22 301.222
24 312.631
2 1375.204
4 823.909
6 636.301
8 527.157
10 511.264
12 456.088
14 440.383
16 344.925
18 346.043
20 323.816
22 306.717
24 297.325
2 1459.351
4 826.919
6 658.016
8 553.682
10 513.847
12 491.029
14 422.238
16 384.848
18 358.835
20 328.524
22 297.513
24 296.733
2 1460.236
4 836.726
6 704.027
8 512.624
10 511.944
12 512.587
14 439.934
16 375.693
18 351.431
20 333.067
22 295.310
24 293.747
2 1439.684
4 836.681
6 650.362
8 562.689
10 470.887
12 465.222
14 433.687
16 379.320
18 350.405
20 331.849
22 306.955
24 288.529
2 1458.296
4 836.179
6 637.093
8 556.307
10 461.329
12 451.762
14 431.794
16 384.852
18 345.763
20 331.190
22 320.273
24 292.203
2 1427.157
4 778.240
6 675.457
8 552.566
10 502.810
12 444.864
14 396.415
16 394.814
18 364.255
20 328.415
22 299.925
24 293.458
2 1459.912
4 818.853
6 634.873
8 556.280
10 495.741
12 504.418
14 430.891
16 405.760
18 359.903
20 319.201
22 298.487
24 287.998
2 1451.139
4 812.128
6 607.077
8 561.897
10 507.241
12 468.787
14 412.067
16 390.136
18 376.054
20 317.565
22 301.770
24 281.867
2 1435.799
4 822.106
6 649.758
8 515.598
10 488.246
12 507.984
14 389.911
16 381.122
18 347.415
20 330.545
22 306.278
24 288.753
2 1423.524
4 822.298
6 635.228
8 554.952
10 477.433
12 372.143
14 418.623
16 361.752
18 361.033
20 328.499
22 313.975
24 300.086
2 1435.273
4 826.319
6 642.748
8 549.596
10 515.080
12 491.895
14 417.752
16 378.403
18 354.419
20 317.522
22 308.813
24 297.071
2 1431.439
4 822.123
6 644.408
8 536.367
10 508.027
12 503.800
14 409.541
16 394.691
18 359.371
20 318.677
22 300.017
24 300.554
2 1439.483
4 821.610
6 674.683
8 546.560
10 502.953
12 487.369
14 434.718
16 385.294
18 360.027
20 319.733
22 313.559
24 303.542
2 1435.740
4 842.746
6 641.715
8 560.141
10 451.279
12 489.751
14 424.376
16 390.965
18 350.451
20 319.860
22 310.367
24 297.070
2 1450.817
4 831.271
6 628.535
8 548.052
10 508.927
12 488.826
14 442.310
16 392.502
18 343.017
20 324.694
22 300.267
24 290.200
2 1432.019
4 808.668
6 628.791
8 552.270
10 490.080
12 493.286
14 429.104
16 382.845
18 359.077
20 327.719
22 304.490
24 288.860
2 1437.379
4 812.968
6 617.110
8 549.346
10 504.540
12 429.356
14 379.193
16 388.632
18 347.402
20 317.171
22 329.561
24 372.408
