2 1908.414
4 1909.708
6 1909.816
8 1907.290
10 1909.266
12 1911.470
14 1910.752
16 1911.819
18 1915.703
20 1908.570
22 1905.248
24 1909.389
2 1907.501
4 1910.305
6 1906.919
8 1909.767
10 1911.330
12 1906.600
14 1907.746
16 1907.669
18 1910.896
20 1906.263
22 1909.522
24 1907.465
2 1910.241
4 1909.864
6 1906.836
8 1911.973
10 1919.973
12 1924.148
14 1920.649
16 1915.167
18 1907.432
20 1910.010
22 1906.889
24 1912.655
2 1905.689
4 1907.402
6 1910.525
8 1907.903
10 1912.623
12 1908.039
14 1911.532
16 1908.307
18 1908.166
20 1906.594
22 1908.066
24 1911.274
2 1907.317
4 1911.919
6 1907.498
8 1921.126
10 1909.326
12 1906.489
14 1909.278
16 1908.268
18 1908.682
20 1906.023
22 1911.533
24 1908.449
2 1911.881
4 1907.703
6 1906.696
8 1911.648
10 1907.422
12 1912.427
14 1905.837
16 1912.108
18 1907.467
20 1907.558
22 1908.742
24 1906.386
2 1910.207
4 1907.993
6 1910.537
8 1906.906
10 1910.082
12 1910.900
14 1909.557
16 1907.418
18 1907.579
20 1911.345
22 1907.888
24 1910.798
2 1907.958
4 1910.672
6 1908.444
8 1906.863
10 1907.208
12 1907.917
14 1916.631
16 1907.497
18 1909.833
20 1908.601
22 1910.710
24 1905.982
2 1910.214
4 1907.647
6 1906.819
8 1908.488
10 1906.580
12 1910.985
14 1906.168
16 1911.228
18 1908.468
20 1907.936
22 1906.902
24 1908.066
2 1910.658
4 1906.334
6 1936.545
8 1907.269
10 1909.350
12 1911.068
14 1907.419
16 1909.751
18 1908.463
20 1912.410
22 1908.524
24 1912.943
