2 315.636
4 315.796
6 315.664
8 315.665
10 315.897
12 316.004
14 315.980
16 316.045
18 316.042
20 315.587
22 315.626
24 315.714
2 315.716
4 317.209
6 323.864
8 315.734
10 315.594
12 315.868
14 315.970
16 315.975
18 315.787
20 315.598
22 315.539
24 315.579
2 316.004
4 315.805
6 315.567
8 315.774
10 315.657
12 315.532
14 315.139
16 315.549
18 315.622
20 315.912
22 315.937
24 315.998
2 316.089
4 315.948
6 315.733
8 315.585
10 315.550
12 315.645
14 315.639
16 315.900
18 315.978
20 315.702
22 315.642
24 315.595
2 315.646
4 315.540
6 315.592
8 315.586
10 315.574
12 315.996
14 316.081
16 316.007
18 315.845
20 315.864
22 315.561
24 315.477
2 315.513
4 315.295
6 315.843
8 315.948
10 315.742
12 315.670
14 315.718
16 315.582
18 315.639
20 315.743
22 315.619
24 315.692
2 316.007
4 315.951
6 315.834
8 315.928
10 315.862
12 315.935
14 315.706
16 315.678
18 315.510
20 315.899
22 315.932
24 315.858
2 315.677
4 315.485
6 315.516
8 315.565
10 315.649
12 315.578
14 315.705
16 315.947
18 315.681
20 315.899
22 315.960
24 315.641
2 315.612
4 315.623
6 315.464
8 315.667
10 315.768
12 315.912
14 315.590
16 315.702
18 315.985
20 315.719
22 315.669
24 315.507
2 315.702
4 315.648
6 315.909
8 315.983
10 315.959
12 315.884
14 315.958
16 315.739
18 315.432
20 315.565
22 315.541
24 315.902
