2 22.011
4 22.033
6 22.016
8 22.060
10 22.077
12 22.041
14 22.050
16 22.071
18 21.916
20 21.917
22 21.899
24 21.898
2 21.883
4 21.883
6 21.892
8 21.914
10 21.928
12 21.916
14 21.918
16 21.909
18 21.949
20 21.911
22 21.928
24 21.952
2 21.912
4 22.990
6 21.901
8 21.908
10 21.949
12 23.071
14 22.983
16 22.980
18 21.906
20 21.911
22 21.898
24 21.898
2 21.915
4 21.921
6 21.900
8 21.896
10 21.924
12 21.999
14 21.969
16 21.888
18 21.907
20 21.920
22 21.926
24 21.904
2 21.897
4 21.915
6 21.884
8 21.941
10 21.939
12 21.896
14 21.921
16 21.912
18 21.969
20 21.981
22 21.918
24 23.430
2 21.982
4 22.010
6 21.912
8 22.008
10 21.992
12 21.943
14 22.003
16 22.012
18 21.987
20 21.975
22 22.052
24 21.994
2 21.982
4 21.990
6 22.009
8 21.899
10 22.013
12 23.394
14 21.903
16 21.941
18 21.921
20 21.947
22 21.909
24 21.859
2 21.895
4 21.962
6 21.960
8 21.922
10 21.926
12 21.988
14 21.913
16 21.895
18 21.916
20 21.911
22 21.912
24 21.944
2 21.917
4 21.921
6 21.914
8 21.902
10 21.906
12 21.885
14 21.933
16 21.912
18 21.915
20 21.886
22 21.910
24 21.917
2 21.907
4 21.890
6 21.912
8 21.922
10 23.350
12 23.061
14 21.904
16 23.388
18 21.951
20 21.925
22 21.911
24 23.361
