2 16.297
4 16.821
6 14.007
8 16.776
10 16.576
12 16.313
14 16.194
16 16.080
18 15.723
20 14.003
22 15.715
24 15.738
2 15.717
4 15.734
6 15.728
8 15.737
10 15.817
12 15.728
14 15.817
16 15.833
18 15.722
20 15.731
22 15.732
24 15.727
2 15.740
4 15.733
6 15.730
8 15.803
10 15.712
12 15.732
14 15.739
16 13.956
18 15.707
20 15.738
22 15.734
24 15.825
2 15.737
4 15.725
6 15.819
8 15.835
10 15.722
12 15.733
14 14.006
16 15.722
18 15.817
20 15.817
22 15.732
24 15.731
2 15.727
4 15.721
6 15.812
8 15.825
10 15.806
12 15.736
14 15.738
16 15.726
18 15.728
20 15.723
22 15.806
24 15.720
2 15.726
4 15.735
6 15.741
8 15.788
10 15.743
12 15.718
14 15.812
16 15.707
18 15.818
20 15.735
22 15.738
24 15.419
2 15.539
4 15.714
6 15.718
8 15.725
10 15.725
12 15.749
14 15.731
16 15.737
18 15.729
20 15.719
22 15.817
24 15.717
2 15.716
4 15.729
6 15.732
8 15.733
10 15.724
12 15.727
14 15.813
16 15.724
18 14.012
20 15.729
22 15.825
24 15.823
2 15.730
4 15.741
6 15.739
8 14.011
10 15.363
12 15.726
14 15.722
16 15.728
18 15.735
20 15.724
22 15.807
24 15.811
2 15.730
4 15.733
6 15.728
8 15.731
10 15.727
12 15.678
14 15.695
16 15.807
18 15.718
20 15.727
22 15.516
24 15.728
