2 204.950
4 204.969
6 204.938
8 204.911
10 204.728
12 204.773
14 204.535
16 204.384
18 204.223
20 204.123
22 204.136
24 204.156
2 204.132
4 204.173
6 204.108
8 204.113
10 204.113
12 204.157
14 204.120
16 204.173
18 204.097
20 204.147
22 204.145
24 204.157
2 204.191
4 204.160
6 204.153
8 204.143
10 204.087
12 204.136
14 204.148
16 204.174
18 204.114
20 204.170
22 204.092
24 204.124
2 204.171
4 204.112
6 204.095
8 204.105
10 204.178
12 204.210
14 204.170
16 204.127
18 204.131
20 204.164
22 204.133
24 204.130
2 204.098
4 204.114
6 204.140
8 204.117
10 204.142
12 204.115
14 204.125
16 204.115
18 204.126
20 204.128
22 204.181
24 204.177
2 204.062
4 204.218
6 204.117
8 204.092
10 204.245
12 204.161
14 204.131
16 204.125
18 204.135
20 204.167
22 204.154
24 204.150
2 204.136
4 204.174
6 204.190
8 204.139
10 204.084
12 204.136
14 204.099
16 204.253
18 204.102
20 204.128
22 204.122
24 204.141
2 204.210
4 204.149
6 204.185
8 204.187
10 204.103
12 204.117
14 204.093
16 204.118
18 204.180
20 204.114
22 204.149
24 204.171
2 204.221
4 204.213
6 204.235
8 204.128
10 204.102
12 204.150
14 204.148
16 204.118
18 204.131
20 204.094
22 204.118
24 204.169
2 204.182
4 204.135
6 204.139
8 204.193
10 204.146
12 204.073
14 204.133
16 204.163
18 204.145
20 204.159
22 204.122
24 204.113
