2 20.390
4 20.374
6 20.392
8 20.409
10 20.399
12 20.405
14 20.384
16 20.390
18 20.373
20 20.371
22 20.370
24 20.377
2 20.377
4 20.397
6 20.398
8 20.367
10 20.378
12 20.363
14 20.383
16 20.390
18 20.383
20 20.370
22 20.383
24 20.389
2 20.385
4 20.382
6 20.411
8 20.415
10 20.373
12 20.384
14 20.394
16 20.388
18 20.401
20 20.386
22 20.386
24 21.588
2 21.597
4 20.326
6 21.619
8 21.593
10 21.761
12 21.741
14 21.739
16 21.748
18 21.737
20 21.730
22 21.745
24 21.736
2 21.731
4 21.743
6 21.737
8 21.743
10 21.733
12 21.738
14 21.732
16 21.733
18 21.756
20 21.746
22 21.746
24 21.726
2 21.763
4 21.753
6 21.721
8 21.752
10 21.769
12 21.729
14 21.726
16 21.742
18 26.027
20 21.708
22 21.714
24 22.531
2 21.681
4 21.678
6 21.774
8 21.785
10 21.812
12 21.801
14 21.804
16 21.812
18 21.799
20 21.776
22 21.785
24 21.781
2 21.839
4 21.886
6 21.817
8 21.786
10 21.804
12 21.828
14 21.823
16 21.869
18 21.968
20 21.781
22 21.890
24 22.093
2 21.770
4 21.901
6 21.773
8 21.771
10 21.774
12 21.775
14 21.769
16 21.787
18 21.759
20 21.767
22 21.795
24 21.792
2 21.751
4 21.769
6 21.764
8 20.987
10 21.905
12 21.885
14 23.666
16 21.862
18 23.554
20 22.044
22 22.037
24 21.922
