2 3042.225
4 3043.707
6 3046.529
8 3043.934
10 3041.679
12 3045.506
14 3043.449
16 3043.377
18 3043.127
20 3043.493
22 3043.500
24 3047.499
2 3040.244
4 3043.916
6 3043.406
8 3044.542
10 3039.804
12 3045.212
14 3040.316
16 3043.920
18 3044.481
20 3044.081
22 3042.959
24 3045.057
2 3042.638
4 3044.861
6 3044.648
8 3041.493
10 3044.720
12 3042.437
14 3043.637
16 3041.108
18 3045.170
20 3040.042
22 3043.523
24 3044.962
2 3043.720
4 3043.032
6 3045.886
8 3042.621
10 3041.721
12 3045.946
14 3041.711
16 3044.313
18 3043.186
20 3041.800
22 3041.731
24 3043.066
2 3039.713
4 3043.796
6 3044.336
8 3041.706
10 3042.746
12 3045.283
14 3043.747
16 3039.865
18 3044.490
20 3043.601
22 3045.772
24 3044.292
2 3044.345
4 3041.758
6 3046.122
8 3043.400
10 3043.900
12 3046.065
14 3043.547
16 3045.431
18 3041.582
20 3043.030
22 3040.384
24 3043.181
2 3045.005
4 3045.096
6 3041.506
8 3044.800
10 3044.258
12 3044.547
14 3042.285
16 3042.471
18 3044.860
20 3039.320
22 3044.776
24 3042.515
2 3042.953
4 3041.342
6 3045.881
8 3042.347
10 3042.185
12 3042.259
14 3042.748
16 3043.766
18 3045.684
20 3040.478
22 3043.061
24 3042.985
2 3044.279
4 3044.273
6 3042.802
8 3044.909
10 3039.926
12 3045.937
14 3041.280
16 3043.594
18 3039.653
20 3044.391
22 3044.337
24 3044.728
2 3045.043
4 3050.897
6 3054.465
8 3041.177
10 3043.935
12 3043.733
14 3043.005
16 3041.607
18 3043.403
20 3044.475
22 3039.663
24 3044.489
