2 1.436
4 1.436
6 1.436
8 1.435
10 1.435
12 1.436
14 1.435
16 1.438
18 1.435
20 1.441
22 1.434
24 1.437
2 1.434
4 1.436
6 1.436
8 1.435
10 1.435
12 1.433
14 1.435
16 1.437
18 1.444
20 1.437
22 1.447
24 1.436
2 1.449
4 1.434
6 1.436
8 1.447
10 1.436
12 1.435
14 1.436
16 1.437
18 1.437
20 1.435
22 1.439
24 1.435
2 1.436
4 1.436
6 1.442
8 1.436
10 1.433
12 1.434
14 1.436
16 1.437
18 1.436
20 1.436
22 1.433
24 1.433
2 1.435
4 1.435
6 1.434
8 1.439
10 1.444
12 1.435
14 1.437
16 1.436
18 1.435
20 1.435
22 1.435
24 1.438
2 1.433
4 1.435
6 1.442
8 1.435
10 1.437
12 1.438
14 1.434
16 1.434
18 1.436
20 1.436
22 1.441
24 1.442
2 1.439
4 1.441
6 1.434
8 1.436
10 1.436
12 1.436
14 1.436
16 1.436
18 1.435
20 1.441
22 1.436
24 1.434
2 1.444
4 1.435
6 1.436
8 1.435
10 1.435
12 1.434
14 1.434
16 1.435
18 1.435
20 1.438
22 1.435
24 1.435
2 1.445
4 1.435
6 1.438
8 1.437
10 1.434
12 1.437
14 1.435
16 1.436
18 1.436
20 1.437
22 1.437
24 1.435
2 1.435
4 1.438
6 1.435
8 2.417
10 1.438
12 1.434
14 1.437
16 1.437
18 1.436
20 1.434
22 1.435
24 1.435
