2 1.435
4 1.436
6 1.435
8 1.436
10 1.435
12 1.435
14 1.434
16 1.435
18 1.435
20 1.436
22 1.436
24 1.436
2 1.436
4 1.435
6 1.435
8 1.435
10 1.435
12 1.434
14 1.434
16 1.441
18 1.433
20 1.434
22 1.436
24 1.435
2 1.435
4 1.436
6 1.437
8 1.435
10 1.436
12 1.434
14 1.435
16 1.434
18 1.435
20 1.436
22 1.435
24 1.434
2 1.434
4 1.445
6 1.454
8 1.434
10 1.436
12 1.443
14 1.437
16 1.435
18 1.435
20 1.436
22 1.435
24 1.437
2 1.441
4 1.441
6 1.434
8 1.434
10 1.435
12 1.435
14 1.440
16 1.438
18 1.437
20 1.442
22 1.435
24 1.435
2 1.438
4 1.436
6 1.446
8 1.437
10 1.436
12 1.445
14 1.439
16 1.438
18 1.444
20 1.434
22 1.439
24 1.443
2 1.458
4 1.435
6 1.436
8 1.435
10 1.434
12 1.437
14 1.436
16 1.435
18 1.436
20 1.434
22 1.435
24 1.434
2 1.435
4 1.435
6 1.433
8 1.434
10 1.434
12 1.434
14 1.435
16 1.434
18 1.434
20 1.435
22 1.432
24 1.435
2 1.434
4 1.434
6 1.435
8 1.434
10 1.433
12 1.433
14 1.435
16 1.435
18 1.441
20 1.435
22 1.436
24 1.436
2 1.434
4 1.434
6 1.436
8 1.435
10 1.436
12 1.432
14 1.437
16 1.434
18 1.435
20 1.435
22 1.434
24 1.434
