2 162471.870
4 132500.417
6 121204.248
8 108231.102
10 101820.091
12 104255.898
14 90882.064
16 81729.790
18 76838.090
20 70191.460
22 63393.729
24 59413.164
2 161586.564
4 130386.346
6 120780.212
8 112678.471
10 105637.575
12 103676.675
14 93224.518
16 84580.084
18 74768.089
20 70971.412
22 65714.138
24 59361.813
2 163340.332
4 132103.103
6 118832.868
8 111479.530
10 106123.746
12 105117.537
14 92770.488
16 82174.954
18 75354.426
20 68738.884
22 65090.731
24 61377.888
2 161540.143
4 130457.390
6 116801.115
8 109828.001
10 106591.772
12 104036.232
14 92373.343
16 84314.280
18 76435.382
20 71052.508
22 65744.891
24 59788.369
2 164612.429
4 129336.600
6 120988.405
8 110023.809
10 105878.583
12 103233.529
14 93095.784
16 82734.736
18 75920.718
20 71007.628
22 64445.240
24 61635.088
2 162239.982
4 131930.987
6 118671.845
8 110306.882
10 103461.212
12 105105.963
14 93447.261
16 82597.702
18 77111.258
20 71162.415
22 64466.448
24 60891.327
