2 15368.298
4 7891.389
6 5483.423
8 4546.136
10 3843.762
12 3930.563
14 4119.938
16 3845.061
18 3676.668
20 3380.500
22 3521.306
24 3352.143
2 15225.648
4 7936.382
6 5523.423
8 4526.878
10 3904.604
12 3998.646
14 3892.490
16 3709.709
18 3611.308
20 3368.358
22 3296.446
24 3604.971
2 15356.278
4 7966.791
6 5515.834
8 4449.419
10 4100.116
12 3924.000
14 4079.507
16 3875.854
18 3647.801
20 3386.928
22 3506.792
24 3551.521
2 15194.226
4 7980.684
6 5508.940
8 4532.927
10 4131.859
12 3711.894
14 4093.218
16 3831.109
18 3608.616
20 3453.410
22 3604.993
24 3615.325
2 15304.383
4 7955.074
6 5558.654
8 4526.051
10 3848.593
12 3989.986
14 3993.479
16 3720.203
18 3656.399
20 3419.884
22 3287.531
24 3754.947
2 15280.724
4 7919.654
6 5477.008
8 4521.817
10 4113.066
12 4032.842
14 3923.543
16 4122.501
18 3602.955
20 3352.854
22 3740.723
24 3709.326
2 15348.212
4 7964.461
6 5484.989
8 4476.805
10 4096.433
12 3728.506
14 4010.540
16 4048.175
18 3630.110
20 3338.518
22 3273.224
24 3438.531
2 15307.092
4 7948.691
6 5519.197
8 4526.566
10 4164.403
12 3989.905
14 4134.869
16 3736.147
18 3567.834
20 3363.360
22 3394.193
24 3582.068
2 15323.922
4 7933.331
6 5515.286
8 4434.972
10 4214.155
12 3922.142
14 3889.281
16 3812.225
18 3640.663
20 3470.032
22 3290.401
24 3614.283
2 15331.714
4 7936.214
6 5499.223
8 4545.099
10 3790.151
12 3999.619
14 4102.640
16 4062.720
18 3631.443
20 3427.445
22 3271.095
24 3788.567
