2 12925.968
4 6490.468
6 4288.340
8 3544.484
10 2970.054
12 2717.229
14 2920.937
16 2507.026
18 2358.353
20 2207.587
22 2098.404
24 2160.256
2 13276.212
4 6559.820
6 4557.125
8 3399.161
10 2927.216
12 2590.037
14 2891.509
16 2621.189
18 2422.760
20 2174.460
22 2047.466
24 1943.256
2 12792.430
4 6561.779
6 4460.409
8 3524.501
10 2974.182
12 2539.059
14 2861.749
16 2573.254
18 2337.822
20 2186.106
22 2078.512
24 1989.081
2 13162.449
4 6669.983
6 4355.158
8 3603.777
10 3051.399
12 2648.823
14 2815.416
16 2587.554
18 2352.285
20 2223.133
22 2017.480
24 2002.556
2 12825.010
4 6513.027
6 4513.092
8 3498.909
10 2943.138
12 2646.615
14 2897.332
16 2612.330
18 2438.029
20 2208.915
22 2260.655
24 2326.102
2 13505.147
4 6607.877
6 4359.389
8 3502.523
10 3000.169
12 2621.103
14 2799.257
16 2579.879
18 2300.745
20 2255.835
22 2005.635
24 2322.740
2 13000.129
4 6655.825
6 4517.829
8 3558.984
10 2981.278
12 2602.340
14 2864.406
16 2584.872
18 2352.148
20 2148.993
22 2068.509
24 2093.449
2 13065.071
4 6580.877
6 4702.027
8 3600.718
10 3008.041
12 2642.120
14 2769.958
16 2533.865
18 2341.438
20 2135.179
22 2083.688
24 2070.033
2 12890.252
4 6509.107
6 4450.201
8 3485.134
10 2935.890
12 2568.403
14 2826.861
16 2524.918
18 2385.886
20 2133.957
22 2147.679
24 2360.679
2 12992.786
4 6553.769
6 4356.832
8 3579.854
10 3362.121
12 2710.860
14 2852.409
16 2591.593
18 2310.207
20 2206.085
22 2222.929
24 2257.898
