2 13751.154
4 6916.798
6 4726.506
8 3556.392
10 3202.460
12 2790.176
14 2909.378
16 2573.755
18 2438.689
20 2248.712
22 2010.731
24 2188.166
2 14312.567
4 7009.896
6 4759.631
8 3783.938
10 3194.436
12 2858.184
14 2893.306
16 2527.370
18 2396.343
20 2189.308
22 2158.542
24 1941.413
2 13461.828
4 7106.113
6 4743.030
8 3830.703
10 3185.988
12 2758.632
14 2812.593
16 2639.624
18 2429.956
20 2259.252
22 2010.160
24 2040.585
2 14022.807
4 6881.532
6 4924.612
8 3871.021
10 3204.539
12 2706.303
14 2860.698
16 2535.627
18 2379.348
20 2253.075
22 2184.934
24 1989.224
2 13588.542
4 7034.489
6 4818.657
8 3682.973
10 3167.345
12 2811.382
14 2811.692
16 2588.096
18 2329.125
20 2219.041
22 2103.005
24 1903.410
2 13546.927
4 7055.083
6 4823.726
8 3862.518
10 3219.569
12 2887.213
14 2835.123
16 2642.372
18 2332.642
20 2270.790
22 2030.414
24 2355.208
2 13903.389
4 6973.644
6 4600.982
8 3889.518
10 3209.052
12 2873.250
14 2768.184
16 2618.860
18 2379.485
20 2175.494
22 2151.281
24 2205.289
2 13562.716
4 7101.220
6 4797.587
8 3865.888
10 3192.482
12 2800.944
14 2869.777
16 2564.581
18 2416.397
20 2189.305
22 2119.248
24 2159.052
2 13832.768
4 6757.884
6 5056.377
8 3829.728
10 3259.576
12 2893.456
14 2789.730
16 2610.620
18 2306.200
20 2294.344
22 2093.516
24 2177.549
2 14201.362
4 7065.461
6 4835.276
8 3863.314
10 3194.800
12 2834.600
14 2788.860
16 2554.897
18 2341.373
20 2311.782
22 2077.283
24 2060.815
