2 11857.294
4 6777.155
6 4648.884
8 3631.549
10 3046.201
12 2693.405
14 2674.541
16 4453.898
18 6009.209
20 6841.715
22 7784.223
24 8762.805
2 11765.694
4 6689.918
6 4615.043
8 3629.693
10 3054.907
12 2719.002
14 2693.150
16 4263.926
18 5976.228
20 6631.509
22 7599.752
24 8650.022
2 11711.988
4 6737.089
6 4650.702
8 3585.702
10 3029.680
12 2723.102
14 2650.726
16 4495.833
18 5862.526
20 6446.896
22 7692.182
24 8885.834
2 12047.409
4 6786.966
6 4622.550
8 3633.317
10 3053.207
12 2672.025
14 2629.915
16 4669.601
18 5865.056
20 6420.187
22 7535.447
24 8515.372
2 11644.823
4 6776.870
6 4630.262
8 3622.222
10 3017.233
12 2659.358
14 2639.080
16 4349.583
18 5955.132
20 6883.541
22 7782.614
24 8512.556
2 11630.670
4 6702.059
6 4662.574
8 3575.642
10 3040.028
12 2678.514
14 2628.645
16 4483.230
18 5942.207
20 6916.480
22 7854.477
24 8401.085
2 11598.168
4 6746.042
6 4607.770
8 3581.453
10 3027.897
12 2702.664
14 2611.602
16 4206.098
18 5912.229
20 6754.692
22 7791.523
24 8374.847
2 11816.436
4 6701.008
6 4599.957
8 3627.965
10 3042.840
12 2709.321
14 2642.610
16 4256.795
18 5851.263
20 6793.448
22 7282.561
24 8183.106
2 11744.920
4 6696.780
6 4637.177
8 3588.992
10 3025.585
12 2680.025
14 2626.143
16 3589.097
18 5915.364
20 6806.936
22 7493.041
24 8149.820
2 12038.639
4 6722.504
6 4641.801
8 3631.621
10 3075.367
12 2737.352
14 2672.936
16 4357.716
18 5988.208
20 6922.769
22 7158.071
24 8180.908
