2 11993.646
4 6991.591
6 4812.458
8 3759.783
10 3147.435
12 2835.253
14 2747.693
16 4842.183
18 6000.130
20 7196.372
22 7653.512
24 9446.832
2 12040.564
4 6916.911
6 4872.611
8 3739.621
10 3113.950
12 2815.549
14 2703.490
16 4803.289
18 6304.629
20 7050.883
22 8042.040
24 9268.493
2 12308.037
4 6982.673
6 4791.809
8 3766.496
10 3169.504
12 2787.179
14 2778.951
16 4819.218
18 6171.370
20 7086.093
22 7971.288
24 8996.024
2 12114.790
4 6923.233
6 4820.149
8 3805.347
10 3148.765
12 2778.523
14 2810.373
16 4988.434
18 6168.774
20 6822.368
22 8280.614
24 9077.890
2 12420.787
4 7078.415
6 4795.989
8 3785.081
10 3175.603
12 2806.262
14 2778.878
16 4827.478
18 6295.793
20 7081.475
22 8183.228
24 9006.690
2 12194.946
4 6996.640
6 4793.240
8 3767.822
10 3166.218
12 2787.423
14 2749.404
16 4054.423
18 6150.257
20 7208.299
22 8226.009
24 9120.992
2 12114.905
4 6978.689
6 4808.633
8 3749.806
10 3148.166
12 2810.362
14 2812.988
16 4627.682
18 6259.109
20 6877.871
22 8179.798
24 9178.457
2 12338.568
4 6961.788
6 4793.831
8 3788.516
10 3199.661
12 2828.685
14 2755.459
16 4645.020
18 6304.886
20 7056.620
22 8182.074
24 8857.893
2 12269.133
4 7158.919
6 4823.211
8 3798.571
10 3202.898
12 2790.534
14 2774.344
16 4859.552
18 6341.755
20 6963.810
22 8116.766
24 9376.473
2 12312.063
4 7018.359
6 4813.880
8 3783.533
10 3155.562
12 2788.162
14 2770.886
16 5029.975
18 5981.879
20 7140.958
22 7979.997
24 9221.188
