2 79.345
4 42.260
6 34.171
8 31.073
10 28.520
12 33.648
14 28.773
16 34.934
18 52.159
20 56.571
22 68.515
24 98.090
2 78.260
4 43.902
6 27.796
8 40.683
10 27.180
12 29.138
14 35.635
16 47.314
18 54.187
20 60.957
22 64.839
24 73.613
2 78.626
4 45.485
6 30.820
8 30.200
10 31.038
12 30.052
14 32.378
16 43.329
18 44.455
20 54.352
22 63.406
24 78.545
2 78.518
4 48.544
6 30.154
8 29.125
10 30.630
12 32.461
14 31.755
16 42.207
18 49.121
20 57.538
22 67.972
24 96.957
2 78.737
4 43.870
6 33.882
8 28.257
10 24.939
12 26.711
14 41.725
16 47.609
18 51.479
20 54.424
22 65.302
24 85.898
2 78.804
4 48.070
6 34.399
8 26.768
10 29.003
12 30.834
14 41.203
16 40.080
18 53.548
20 55.552
22 71.398
24 74.740
2 78.756
4 44.439
6 32.112
8 31.064
10 28.778
12 34.079
14 41.425
16 46.571
18 52.377
20 62.067
22 70.024
24 98.615
2 79.294
4 46.217
6 34.685
8 29.988
10 26.465
12 29.279
14 35.792
16 43.800
18 53.563
20 55.222
22 61.543
24 63.625
2 78.853
4 44.360
6 33.238
8 34.157
10 23.671
12 28.042
14 31.710
16 49.479
18 49.616
20 50.651
22 70.116
24 66.493
2 79.459
4 48.731
6 35.362
8 26.938
10 28.828
12 31.883
14 39.184
16 46.941
18 51.752
20 61.459
22 62.110
24 80.741
2 77.943
4 43.578
6 33.761
8 30.951
10 28.866
12 34.481
14 35.527
16 41.596
18 52.749
20 52.937
22 71.155
24 82.028
2 78.507
4 47.893
6 31.075
8 29.457
10 26.017
12 32.522
14 37.490
16 46.815
18 48.765
20 50.306
22 57.292
24 61.755
2 57.677
4 41.438
6 34.308
8 27.804
10 26.866
12 30.014
14 41.634
16 47.422
18 48.233
20 50.988
22 57.645
24 92.665
2 79.816
4 48.379
6 34.016
8 36.254
10 23.495
12 26.345
14 40.699
16 47.467
18 48.333
20 58.370
22 73.558
24 67.281
2 79.519
4 36.435
6 27.192
8 24.566
10 23.523
12 29.305
14 32.653
16 41.597
18 50.293
20 59.718
22 60.749
24 72.360
2 78.519
4 48.550
6 35.833
8 30.149
10 29.182
12 34.354
14 30.694
16 47.217
18 51.830
20 55.799
22 66.379
24 82.829
2 77.948
4 44.252
6 33.351
8 27.717
10 28.777
12 29.125
14 34.625
16 40.344
18 45.067
20 57.937
22 68.195
24 85.109
2 78.821
4 49.046
6 37.516
8 30.080
10 28.731
12 31.752
14 38.552
16 47.291
18 47.715
20 61.279
22 86.173
24 80.218
2 78.284
4 48.993
6 33.745
8 34.749
10 27.800
12 33.179
14 35.586
16 40.824
18 55.277
20 51.631
22 64.226
24 103.541
2 78.556
4 44.274
6 33.952
8 30.597
10 24.764
12 29.593
14 35.674
16 38.235
18 55.313
20 59.420
22 74.617
24 92.424
