2 86.427
4 48.971
6 35.045
8 19.608
10 23.279
12 20.775
14 26.461
16 20.033
18 20.519
20 17.960
22 17.977
24 19.163
2 85.737
4 48.803
6 35.416
8 28.308
10 35.972
12 22.082
14 19.610
16 19.663
18 16.858
20 19.305
22 40.834
24 87.067
2 85.845
4 48.633
6 33.112
8 36.479
10 23.906
12 27.790
14 20.705
16 27.129
18 18.904
20 19.876
22 21.531
24 54.513
2 86.505
4 32.220
6 29.758
8 26.257
10 34.067
12 22.317
14 26.045
16 24.218
18 18.124
20 29.385
22 20.514
24 22.044
2 86.146
4 48.986
6 32.794
8 42.311
10 35.820
12 22.501
14 19.943
16 24.539
18 19.200
20 19.274
22 24.038
24 30.017
2 85.478
4 49.510
6 34.959
8 28.803
10 36.489
12 30.508
14 25.272
16 26.490
18 22.585
20 22.359
22 21.215
24 68.790
2 85.317
4 48.895
6 48.688
8 27.705
10 24.472
12 21.196
14 28.806
16 18.383
18 20.135
20 28.894
22 24.507
24 21.632
2 86.739
4 48.616
6 31.011
8 23.737
10 16.671
12 21.145
14 25.352
16 25.085
18 24.187
20 22.837
22 26.461
24 21.070
2 86.117
4 49.030
6 30.999
8 34.371
10 34.298
12 21.392
14 30.618
16 22.772
18 22.133
20 15.892
22 36.961
24 23.048
2 86.417
4 49.038
6 34.408
8 24.478
10 24.044
12 25.518
14 24.136
16 23.625
18 22.802
20 18.314
22 20.016
24 28.527
2 85.939
4 49.282
6 35.074
8 28.187
10 26.322
12 27.563
14 27.873
16 22.584
18 17.530
20 19.843
22 23.750
24 23.157
2 86.135
4 32.944
6 34.732
8 40.245
10 24.272
12 21.178
14 25.810
16 18.072
18 19.137
20 16.193
22 21.615
24 26.522
2 90.312
4 46.623
6 36.998
8 26.125
10 28.865
12 31.263
14 18.304
16 23.013
18 21.156
20 17.354
22 27.250
24 54.910
2 86.154
4 48.626
6 35.815
8 41.314
10 23.738
12 31.599
14 23.370
16 26.147
18 18.192
20 21.045
22 18.325
24 44.744
2 85.523
4 49.111
6 43.846
8 27.830
10 21.050
12 22.418
14 28.270
16 25.931
18 24.242
20 22.520
22 19.844
24 28.063
2 85.856
4 49.024
6 34.881
8 29.080
10 23.877
12 20.978
14 23.183
16 18.039
18 21.089
20 19.531
22 19.684
24 23.881
2 85.493
4 42.590
6 34.976
8 38.105
10 27.852
12 17.191
14 20.262
16 20.296
18 20.395
20 21.296
22 19.425
24 57.031
2 85.229
4 48.592
6 46.685
8 27.899
10 23.635
12 21.073
14 28.554
16 26.046
18 26.017
20 22.021
22 20.323
24 24.933
2 86.599
4 49.268
6 24.177
8 28.341
10 24.928
12 31.913
14 28.487
16 25.687
18 22.660
20 22.800
22 19.956
24 36.067
2 85.468
4 48.940
6 34.908
8 26.372
10 24.303
12 28.711
14 26.784
16 18.181
18 21.684
20 20.829
22 16.992
24 40.795
