2 78.885
4 44.820
6 33.937
8 26.261
10 24.308
12 27.871
14 20.777
16 25.660
18 20.701
20 23.748
22 19.669
24 33.811
2 78.969
4 44.769
6 35.794
8 23.698
10 33.120
12 23.344
14 20.453
16 21.226
18 23.830
20 20.284
22 25.798
24 21.641
2 79.425
4 45.562
6 29.950
8 23.796
10 25.078
12 23.857
14 22.836
16 24.404
18 27.339
20 27.560
22 22.424
24 22.770
2 79.457
4 44.381
6 33.980
8 26.248
10 28.151
12 21.784
14 19.715
16 26.714
18 26.362
20 25.524
22 28.065
24 28.181
2 80.167
4 45.110
6 33.154
8 26.817
10 19.281
12 26.542
14 23.029
16 25.201
18 24.534
20 22.748
22 35.989
24 51.704
2 79.847
4 44.980
6 33.948
8 25.775
10 28.946
12 32.337
14 20.513
16 19.728
18 25.070
20 22.183
22 27.065
24 56.263
2 79.045
4 45.388
6 33.854
8 26.963
10 25.840
12 26.443
14 20.616
16 24.297
18 18.636
20 26.244
22 19.604
24 27.312
2 79.063
4 40.349
6 21.791
8 25.488
10 29.366
12 24.396
14 26.217
16 23.758
18 21.663
20 24.721
22 26.147
24 21.815
2 79.619
4 45.330
6 33.687
8 25.279
10 24.295
12 23.519
14 22.083
16 21.286
18 24.173
20 25.795
22 27.834
24 25.918
2 79.554
4 45.177
6 33.580
8 26.654
10 26.126
12 30.608
14 22.032
16 17.409
18 20.356
20 19.117
22 18.196
24 28.972
2 79.724
4 44.913
6 33.236
8 40.096
10 26.266
12 26.412
14 24.235
16 26.225
18 26.668
20 23.783
22 33.300
24 36.701
2 55.498
4 44.223
6 36.171
8 24.477
10 34.191
12 24.522
14 20.325
16 23.869
18 18.709
20 22.168
22 25.368
24 22.838
2 78.794
4 46.894
6 31.839
8 23.942
10 23.204
12 22.167
14 25.061
16 25.207
18 27.065
20 25.298
22 24.933
24 25.279
2 79.859
4 44.691
6 33.774
8 23.842
10 21.391
12 27.407
14 28.973
16 25.829
18 20.070
20 18.651
22 20.338
24 26.341
2 74.915
4 44.259
6 33.176
8 39.356
10 25.508
12 30.920
14 22.049
16 22.614
18 25.550
20 20.780
22 22.738
24 22.217
2 79.757
4 45.515
6 34.818
8 20.158
10 24.693
12 29.057
14 25.994
16 25.876
18 22.341
20 26.462
22 22.053
24 26.705
2 78.834
4 42.651
6 33.915
8 34.270
10 25.561
12 26.206
14 22.966
16 19.119
18 19.077
20 25.772
22 27.239
24 46.874
2 78.943
4 45.311
6 29.222
8 26.432
10 24.004
12 24.290
14 24.858
16 25.046
18 27.648
20 19.693
22 24.072
24 28.308
2 80.123
4 44.655
6 33.688
8 22.565
10 35.752
12 23.793
14 25.976
16 23.132
18 26.860
20 25.199
22 22.197
24 34.258
2 65.752
4 45.305
6 34.138
8 23.926
10 23.697
12 33.666
14 20.951
16 17.800
18 24.249
20 27.137
22 24.346
24 34.534
