2 22546.455
4 12831.450
6 9101.940
8 7683.306
10 7090.902
12 6774.708
14 6432.820
16 5919.259
18 5813.959
20 7884.436
22 9736.705
24 11823.385
2 22492.412
4 12830.537
6 9189.591
8 7795.725
10 7156.897
12 6555.097
14 6470.616
16 6104.341
18 5736.771
20 7986.069
22 9940.556
24 11792.021
2 22405.529
4 12760.464
6 9277.837
8 7825.407
10 7140.224
12 6663.296
14 6414.064
16 5959.954
18 5739.860
20 8181.219
22 11269.778
24 12271.524
2 22499.630
4 12700.754
6 9294.050
8 7554.073
10 7024.369
12 6881.825
14 6523.040
16 6063.144
18 5709.994
20 7932.686
22 9788.447
24 11710.804
2 22272.553
4 12770.881
6 9118.970
8 7633.942
10 7091.068
12 6849.513
14 6362.321
16 6073.374
18 5615.383
20 7508.571
22 10549.499
24 12194.046
2 22194.751
4 12614.438
6 9208.964
8 7771.457
10 7088.072
12 6879.298
14 6384.693
16 6147.941
18 5754.564
20 7291.491
22 10301.694
24 12232.389
2 22390.356
4 12585.296
6 9057.559
8 7782.818
10 6833.472
12 6770.896
14 6502.556
16 6110.187
18 5637.097
20 7453.334
22 10584.430
24 11457.952
2 22458.356
4 12723.641
6 8986.044
8 7607.162
10 6851.934
12 6593.569
14 6243.251
16 5981.171
18 5804.203
20 7869.245
22 10556.708
24 11843.049
2 22337.570
4 12627.647
6 9214.320
8 7720.309
10 7008.179
12 6687.390
14 6386.627
16 5844.991
18 5846.724
20 7901.216
22 10218.774
24 12274.729
2 22303.862
4 12589.331
6 9158.881
8 7800.513
10 7141.589
12 6766.453
14 6218.202
16 6150.927
18 5650.637
20 7621.928
22 10216.842
24 10154.096
