2 23180.667
4 13832.399
6 10196.848
8 8533.941
10 7646.820
12 7384.398
14 6800.417
16 6241.362
18 5976.642
20 8569.554
22 10955.787
24 12915.891
2 23143.398
4 13898.719
6 10068.203
8 8433.344
10 7783.923
12 7197.510
14 6773.742
16 6306.210
18 5885.060
20 7688.983
22 10745.659
24 11882.006
2 23406.293
4 14129.753
6 10085.082
8 8587.216
10 7652.042
12 7358.678
14 6541.938
16 6256.353
18 6306.436
20 6536.125
22 10088.052
24 12640.586
2 23710.191
4 14029.315
6 10110.671
8 8553.880
10 7752.028
12 7120.022
14 6744.670
16 6246.379
18 5814.854
20 7822.040
22 10443.607
24 11518.800
2 23302.311
4 13971.522
6 10166.890
8 8473.132
10 7574.461
12 7442.607
14 6784.447
16 6188.942
18 5979.386
20 8488.585
22 10558.215
24 12230.133
2 23071.899
4 13977.432
6 10219.476
8 8494.628
10 7588.142
12 7328.858
14 6739.482
16 6190.701
18 6003.400
20 7648.728
22 10735.921
24 12403.615
2 23217.435
4 14219.028
6 10087.387
8 8565.429
10 7719.149
12 7249.813
14 6722.360
16 6056.095
18 5864.068
20 8234.546
22 10311.332
24 11766.555
2 23259.141
4 13811.961
6 10323.799
8 8364.418
10 7760.388
12 7230.290
14 6747.876
16 6206.964
18 5735.931
20 8509.336
22 10013.375
24 12209.010
2 23064.091
4 14026.751
6 10011.976
8 8417.814
10 7625.138
12 7187.118
14 6684.125
16 6278.269
18 5866.280
20 8303.639
22 10064.934
24 10828.692
2 23118.803
4 13956.664
6 10147.136
8 8449.895
10 7605.690
12 7402.304
14 6764.657
16 6010.283
18 5871.146
20 8206.145
22 10415.669
24 12080.580
