2 6701.838
4 3589.780
6 3316.631
8 2762.017
10 3407.826
12 3232.316
14 3084.318
16 3235.059
18 3314.617
20 3309.675
22 3320.535
24 3380.448
2 6650.032
4 3497.359
6 3300.536
8 2682.417
10 3425.607
12 3211.985
14 3102.334
16 3289.966
18 3281.563
20 3283.758
22 3295.391
24 3380.741
2 6616.665
4 3556.922
6 3290.926
8 2655.748
10 3435.268
12 3220.987
14 3120.493
16 3270.662
18 3282.987
20 3304.819
22 3333.856
24 3358.054
2 6637.920
4 3534.250
6 3300.299
8 2754.128
10 3429.850
12 3235.021
14 3139.409
16 3242.038
18 3257.873
20 3304.396
22 3338.656
24 3353.808
2 6712.368
4 3532.983
6 3317.559
8 2743.195
10 3413.791
12 3215.832
14 3120.484
16 3287.066
18 3311.154
20 3301.962
22 3315.978
24 3369.902
2 6693.199
4 3578.425
6 3286.973
8 2789.435
10 3472.344
12 3254.374
14 3132.959
16 3236.728
18 3325.893
20 3329.852
22 3318.910
24 3370.943
2 6687.392
4 3564.294
6 3341.207
8 2705.736
10 3382.188
12 3253.890
14 3112.150
16 3268.666
18 3303.155
20 3370.505
22 3360.465
24 3386.582
2 6638.791
4 3516.592
6 3285.072
8 2660.284
10 3443.837
12 3296.778
14 3166.477
16 3306.938
18 3288.307
20 3319.323
22 3357.432
24 3411.879
2 6605.992
4 3530.010
6 3295.040
8 2639.557
10 3437.166
12 3222.536
14 3118.597
16 3281.879
18 3315.811
20 3278.281
22 3339.333
24 3395.761
2 6682.232
4 3574.009
6 3323.093
8 2792.994
10 3433.080
12 3227.608
14 3090.977
16 3330.372
18 3281.620
20 3306.686
22 3321.604
24 3317.209
2 6717.478
4 3617.092
6 3288.932
8 2742.139
10 3452.345
12 3232.432
14 3133.967
16 3261.970
18 3274.298
20 3299.034
22 3331.903
24 3307.793
2 6684.627
4 3465.997
6 3317.053
8 2727.167
10 3453.770
12 3243.303
14 3118.725
16 3244.529
18 3283.132
20 3297.743
22 3296.699
24 3330.465
2 6704.839
4 3514.806
6 3282.171
8 2641.957
10 3435.169
12 3206.749
14 3108.096
16 3212.989
18 3275.422
20 3289.772
22 3343.591
24 3343.884
2 6633.910
4 3535.551
6 3291.891
8 2591.211
10 3488.379
12 3211.943
14 3159.139
16 3296.118
18 3281.393
20 3346.638
22 3434.942
24 3474.560
2 6685.423
4 3496.004
6 3303.442
8 2680.854
10 3470.056
12 3264.438
14 3189.262
16 3323.692
18 3284.667
20 3343.116
22 3352.020
24 3418.699
2 6721.382
4 3963.703
6 3320.642
8 2666.019
10 3463.275
12 3193.193
14 3155.616
16 3289.949
18 3287.711
20 3266.048
22 3344.191
24 3375.714
2 6687.731
4 3518.686
6 3285.270
8 2748.027
10 3472.385
12 3238.754
14 3137.801
16 3265.288
18 3244.735
20 3306.251
22 3337.339
24 3334.718
2 6636.185
4 3505.182
6 3320.953
8 2731.618
10 3415.776
12 3233.273
14 3132.439
16 3258.635
18 3280.524
20 3307.271
22 3282.665
24 3366.825
2 6636.208
4 3490.070
6 3332.344
8 2604.639
10 3454.415
12 3250.734
14 3110.246
16 3257.889
18 3293.940
20 3279.864
22 3310.900
24 3378.947
2 6706.278
4 3543.824
6 3261.186
8 2652.765
10 3417.113
12 3260.251
14 3117.769
16 3313.150
18 3314.646
20 3358.229
22 3350.586
24 3418.240
