2 2792.050
4 1480.196
6 1313.554
8 1204.335
10 1226.977
12 1213.377
14 1214.358
16 1230.656
18 1220.971
20 1221.175
22 1221.358
24 1228.498
2 2829.911
4 1548.592
6 1308.326
8 1215.739
10 1195.699
12 1205.554
14 1197.037
16 1206.543
18 1237.924
20 1255.198
22 1201.664
24 1240.640
2 2786.154
4 1528.685
6 1314.777
8 1214.097
10 1202.058
12 1210.166
14 1188.853
16 1209.719
18 1224.009
20 1234.677
22 1215.687
24 1233.847
2 2815.431
4 1512.424
6 1333.796
8 1262.893
10 1221.560
12 1191.891
14 1231.564
16 1217.389
18 1208.826
20 1224.298
22 1222.426
24 1199.190
2 2823.870
4 1477.643
6 1305.364
8 1232.571
10 1237.050
12 1203.342
14 1197.774
16 1203.743
18 1213.944
20 1239.409
22 1243.132
24 1250.938
2 2797.553
4 1531.150
6 1289.636
8 1219.351
10 1192.377
12 1212.361
14 1213.009
16 1230.258
18 1227.098
20 1214.127
22 1202.994
24 1231.354
2 2774.171
4 1508.397
6 1331.355
8 1209.798
10 1208.546
12 1201.420
14 1243.058
16 1204.596
18 1235.888
20 1251.789
22 1235.501
24 1216.404
2 2866.189
4 1521.621
6 1308.573
8 1302.577
10 1182.163
12 1222.297
14 1220.022
16 1192.681
18 1209.572
20 1243.889
22 1258.106
24 1240.364
2 2779.748
4 1534.636
6 1317.709
8 1254.455
10 1212.377
12 1182.623
14 1214.484
16 1228.463
18 1222.978
20 1182.686
22 1233.838
24 1239.507
2 2786.363
4 1531.700
6 1313.821
8 1189.280
10 1185.579
12 1255.078
14 1229.076
16 1188.282
18 1212.782
20 1235.574
22 1219.026
24 1238.139
2 2823.365
4 1507.941
6 1304.286
8 1328.787
10 1213.797
12 1196.226
14 1202.072
16 1223.399
18 1213.762
20 1201.992
22 1272.425
24 1251.799
2 2775.649
4 1504.795
6 1301.170
8 1214.547
10 1238.837
12 1206.678
14 1220.981
16 1207.912
18 1223.460
20 1222.115
22 1218.224
24 1232.378
2 2820.495
4 1516.752
6 1293.336
8 1208.328
10 1222.713
12 1220.509
14 1215.899
16 1238.366
18 1228.401
20 1221.487
22 1204.751
24 1255.374
2 2792.797
4 1513.139
6 1313.518
8 1222.879
10 1210.433
12 1208.954
14 1223.429
16 1209.829
18 1241.262
20 1232.573
22 1213.232
24 1227.430
2 2818.844
4 1511.002
6 1314.627
8 1291.811
10 1205.381
12 1209.973
14 1214.328
16 1246.964
18 1214.778
20 1216.278
22 1197.466
24 1214.982
2 2784.287
4 1541.317
6 1304.595
8 1216.632
10 1187.098
12 1213.049
14 1200.367
16 1197.443
18 1242.996
20 1224.403
22 1226.446
24 1222.877
2 2794.357
4 1508.849
6 1308.260
8 1269.691
10 1218.658
12 1219.404
14 1236.168
16 1197.299
18 1219.406
20 1250.510
22 1253.758
24 1228.932
2 2789.345
4 1509.823
6 1315.376
8 1236.895
10 1206.009
12 1234.339
14 1212.919
16 1219.789
18 1229.297
20 1200.158
22 1231.431
24 1226.662
2 2832.992
4 1493.431
6 1329.626
8 1226.505
10 1196.147
12 1212.625
14 1221.587
16 1203.606
18 1196.750
20 1234.869
22 1246.143
24 1233.521
2 2818.150
4 1512.061
6 1291.945
8 1302.478
10 1179.889
12 1223.623
14 1200.583
16 1228.456
18 1218.651
20 1224.121
22 1272.887
24 1231.449
