2 2826.317
4 1528.551
6 1449.096
8 1266.975
10 1546.157
12 1472.299
14 1496.846
16 1549.200
18 1412.343
20 1456.713
22 1433.002
24 1457.152
2 2811.784
4 1572.129
6 1435.912
8 1239.444
10 1537.874
12 1480.371
14 1490.266
16 1519.709
18 1466.864
20 1424.061
22 1443.850
24 1463.203
2 2861.438
4 1586.602
6 1438.712
8 1265.817
10 1542.763
12 1432.314
14 1520.080
16 1574.830
18 1447.338
20 1408.045
22 1475.423
24 1411.534
2 2832.883
4 1529.331
6 1454.830
8 1221.548
10 1524.432
12 1460.547
14 1534.052
16 1534.589
18 1454.234
20 1462.673
22 1424.111
24 1442.037
2 2948.130
4 1558.277
6 1455.919
8 1251.180
10 1556.864
12 1492.087
14 1481.306
16 1556.654
18 1446.628
20 1408.700
22 1448.316
24 1476.013
2 2844.252
4 1571.554
6 1428.749
8 1264.787
10 1566.655
12 1480.761
14 1483.821
16 1546.333
18 1461.571
20 1431.803
22 1454.122
24 1470.517
2 2858.036
4 1582.785
6 1429.459
8 1255.312
10 1560.508
12 1508.442
14 1497.637
16 1547.672
18 1437.513
20 1441.829
22 1480.822
24 1502.813
2 2872.961
4 1522.112
6 1445.680
8 1311.258
10 1534.578
12 1489.428
14 1510.979
16 1562.399
18 1413.093
20 1477.176
22 1444.485
24 1452.337
2 2913.794
4 1576.911
6 1470.359
8 1233.374
10 1518.291
12 1476.127
14 1500.592
16 1553.646
18 1428.162
20 1405.451
22 1444.073
24 1474.337
2 2813.547
4 1590.017
6 1476.240
8 1240.614
10 1544.427
12 1475.755
14 1507.769
16 1560.454
18 1470.304
20 1426.827
22 1466.251
24 1449.812
2 2840.878
4 1557.733
6 1438.948
8 1273.382
10 1547.613
12 1479.918
14 1499.484
16 1547.805
18 1437.327
20 1423.883
22 1474.171
24 1410.642
2 2885.673
4 1564.980
6 1490.628
8 1366.612
10 1544.009
12 1445.257
14 1507.560
16 1548.483
18 1428.140
20 1457.502
22 1411.860
24 1455.991
2 2858.711
4 1564.073
6 1428.298
8 1234.314
10 1534.722
12 1449.196
14 1533.598
16 1535.629
18 1434.719
20 1432.646
22 1498.542
24 1501.014
2 2866.565
4 1621.987
6 1455.415
8 1294.161
10 1538.055
12 1506.660
14 1485.598
16 1550.186
18 1456.125
20 1428.254
22 1471.180
24 1449.357
2 2810.542
4 1516.641
6 1489.185
8 1169.248
10 1582.996
12 1484.869
14 1487.251
16 1529.258
18 1397.471
20 1399.991
22 1461.538
24 1431.731
2 2814.509
4 1535.344
6 1449.261
8 1373.375
10 1527.396
12 1474.308
14 1514.254
16 1581.068
18 1418.841
20 1450.910
22 1382.074
24 1447.419
2 2825.083
4 1535.890
6 1476.337
8 1239.305
10 1556.697
12 1485.150
14 1483.339
16 1551.049
18 1449.981
20 1437.645
22 1439.156
24 1446.052
2 2825.905
4 1501.765
6 1444.045
8 1225.781
10 1497.689
12 1490.796
14 1475.646
16 1526.409
18 1433.407
20 1447.671
22 1446.817
24 1496.620
2 2916.312
4 1566.586
6 1453.155
8 1206.909
10 1555.821
12 1489.292
14 1517.996
16 1544.508
18 1439.548
20 1445.887
22 1462.787
24 1477.835
2 2796.042
4 1563.086
6 1454.317
8 1259.024
10 1557.339
12 1436.637
14 1493.312
16 1567.717
18 1434.486
20 1393.927
22 1461.504
24 1450.559
