2 4582.507
4 2615.216
6 2358.421
8 1956.049
10 2412.840
12 2337.015
14 2273.761
16 2451.283
18 2381.848
20 2355.707
22 2425.386
24 2476.506
2 4627.488
4 2502.545
6 2367.702
8 1940.605
10 2476.809
12 2379.400
14 2287.491
16 2397.681
18 2388.488
20 2365.645
22 2430.232
24 2466.817
2 4618.988
4 2527.765
6 2363.431
8 2027.677
10 2466.978
12 2369.702
14 2302.547
16 2371.666
18 2350.745
20 2378.795
22 2412.178
24 2403.258
2 4595.994
4 2467.595
6 2396.055
8 1947.708
10 2480.088
12 2382.567
14 2315.950
16 2425.278
18 2370.174
20 2403.199
22 2436.880
24 2397.148
2 4598.775
4 2498.228
6 2358.528
8 2008.371
10 2441.772
12 2393.406
14 2340.364
16 2395.472
18 2353.284
20 2392.674
22 2400.080
24 2454.133
2 4671.398
4 2472.724
6 2369.228
8 1884.522
10 2458.310
12 2405.241
14 2306.956
16 2358.843
18 2391.216
20 2359.087
22 2402.706
24 2441.236
2 4640.182
4 2534.890
6 2434.305
8 2016.589
10 2449.134
12 2393.453
14 2230.748
16 2429.631
18 2350.120
20 2371.419
22 2409.901
24 2436.008
2 4608.595
4 2544.102
6 2370.346
8 1900.907
10 2458.223
12 2344.687
14 2308.024
16 2377.592
18 2379.147
20 2373.428
22 2406.863
24 2419.250
2 4713.342
4 2522.373
6 2358.961
8 2035.684
10 2473.865
12 2343.598
14 2225.661
16 2419.869
18 2397.769
20 2405.456
22 2370.398
24 2414.316
2 4693.857
4 2433.739
6 2445.607
8 1926.766
10 2457.676
12 2357.474
14 2334.380
16 2401.768
18 2398.854
20 2381.393
22 2436.059
24 2424.514
2 4707.695
4 2487.724
6 2360.712
8 1916.757
10 2478.668
12 2343.311
14 2347.929
16 2433.930
18 2392.767
20 2368.414
22 2456.583
24 2457.644
2 4634.112
4 2606.021
6 2362.507
8 2035.174
10 2452.405
12 2377.828
14 2284.303
16 2448.083
18 2373.518
20 2433.606
22 2399.213
24 2433.177
2 4624.068
4 2505.043
6 2413.961
8 1931.459
10 2487.495
12 2368.880
14 2308.558
16 2425.713
18 2399.976
20 2370.144
22 2486.687
24 2432.900
2 4596.828
4 2562.346
6 2396.648
8 1986.160
10 2482.472
12 2375.449
14 2280.273
16 2425.512
18 2325.481
20 2407.733
22 2385.084
24 2455.984
2 4599.476
4 2449.935
6 2381.372
8 1920.282
10 2504.325
12 2332.154
14 2300.470
16 2375.455
18 2338.499
20 2345.747
22 2398.295
24 2433.524
2 4701.928
4 2505.465
6 2405.303
8 2022.756
10 2453.551
12 2352.439
14 2261.435
16 2364.065
18 2374.465
20 2395.693
22 2379.741
24 2416.436
2 4574.139
4 2443.712
6 2365.571
8 1938.895
10 2469.140
12 2349.931
14 2300.170
16 2376.300
18 2386.560
20 2380.758
22 2408.249
24 2458.039
2 4600.345
4 2517.472
6 2364.794
8 2030.412
10 2500.274
12 2406.458
14 2304.737
16 2427.787
18 2365.294
20 2381.591
22 2432.352
24 2438.739
2 4584.399
4 2490.275
6 2379.128
8 1949.671
10 2474.822
12 2362.372
14 2300.214
16 2420.841
18 2398.746
20 2354.048
22 2378.501
24 2429.012
2 4619.505
4 2502.055
6 2359.914
8 2032.685
10 2497.502
12 2375.188
14 2246.244
16 2448.248
18 2365.733
20 2373.083
22 2360.644
24 2454.047
