2 4985.692
4 2614.593
6 2181.769
8 1879.840
10 1881.953
12 1843.784
14 1849.006
16 1893.194
18 1872.964
20 1913.383
22 1888.904
24 1877.705
2 4973.201
4 2630.317
6 2129.086
8 1971.695
10 1841.864
12 1868.710
14 1876.318
16 1897.868
18 1844.938
20 1854.280
22 1903.773
24 1883.888
2 4991.695
4 2627.205
6 2148.510
8 1977.796
10 1833.602
12 1866.734
14 1883.010
16 1879.079
18 1882.679
20 1881.459
22 1855.602
24 1917.343
2 4978.426
4 2592.551
6 2158.314
8 1886.156
10 1875.695
12 1893.383
14 1860.169
16 1844.356
18 1853.927
20 1883.890
22 1899.877
24 1922.151
2 4977.532
4 2628.690
6 2167.173
8 1881.248
10 1836.938
12 1868.419
14 1885.380
16 1906.843
18 1881.136
20 1874.885
22 1905.515
24 1900.589
2 4981.187
4 2612.546
6 2146.392
8 1973.148
10 1866.931
12 1847.928
14 1850.119
16 1882.766
18 1893.038
20 1878.410
22 1912.882
24 1882.448
2 5066.632
4 2622.062
6 2149.168
8 1871.952
10 1845.158
12 1878.127
14 1905.410
16 1856.513
18 1864.681
20 1926.466
22 1862.540
24 1908.669
2 5051.173
4 2624.220
6 2138.262
8 1899.164
10 1875.425
12 1866.131
14 1857.507
16 1898.225
18 1878.363
20 1907.791
22 1864.947
24 1868.090
2 5035.695
4 2621.315
6 2135.749
8 1952.791
10 1848.951
12 1871.710
14 1877.146
16 1877.804
18 1860.528
20 1878.537
22 1906.282
24 1894.317
2 4975.975
4 2642.061
6 2111.287
8 1978.950
10 1879.313
12 1887.306
14 1882.893
16 1870.572
18 1923.491
20 1876.665
22 1901.935
24 1884.725
2 4969.814
4 2621.466
6 2125.149
8 1911.083
10 1922.676
12 1837.468
14 1862.511
16 1841.849
18 1889.709
20 1889.758
22 1852.819
24 1932.617
2 4921.179
4 2629.374
6 2126.096
8 1920.332
10 1858.972
12 1850.322
14 1910.715
16 1898.982
18 1887.848
20 1863.988
22 1878.999
24 1886.470
2 4976.913
4 2579.499
6 2141.401
8 1914.794
10 1866.916
12 1883.353
14 1860.219
16 1864.854
18 1852.985
20 1866.872
22 1919.225
24 1897.188
2 4973.623
4 2637.220
6 2136.498
8 2000.630
10 1856.749
12 1860.841
14 1878.245
16 1864.269
18 1894.212
20 1872.383
22 1867.605
24 1903.880
2 5032.171
4 2638.938
6 2132.168
8 1909.378
10 1872.018
12 1865.773
14 1899.127
16 1886.139
18 1873.683
20 1893.692
22 1855.453
24 1912.491
2 4976.757
4 2631.885
6 2155.666
8 1882.354
10 1860.207
12 1886.519
14 1866.116
16 1907.543
18 1851.394
20 1903.327
22 1872.422
24 1899.634
2 4988.093
4 2617.383
6 2135.033
8 1939.093
10 1873.726
12 1875.354
14 1877.928
16 1906.601
18 1918.105
20 1878.525
22 1878.248
24 1891.968
2 5006.569
4 2634.755
6 2130.407
8 1926.016
10 1852.604
12 1887.993
14 1888.541
16 1878.645
18 1857.986
20 1887.599
22 1858.366
24 1881.492
2 4918.356
4 2627.534
6 2132.057
8 1879.048
10 1880.253
12 1852.860
14 1864.294
16 1856.970
18 1859.848
20 1904.498
22 1895.128
24 1912.956
2 4993.950
4 2641.501
6 2142.154
8 1995.576
10 1852.575
12 1848.913
14 1859.954
16 1844.315
18 1907.152
20 1870.655
22 1926.159
24 1852.350
