2 1816.916
4 1824.082
6 1820.729
8 1817.093
10 1818.271
12 1820.046
14 1821.919
16 1820.893
18 1826.381
20 1817.775
22 1816.986
24 1817.696
2 1814.964
4 1821.111
6 1815.127
8 1815.290
10 1814.429
12 1811.059
14 1818.018
16 1813.192
18 1819.163
20 1813.753
22 1814.924
24 1814.223
2 1814.916
4 1815.852
6 1808.599
8 1818.676
10 1810.451
12 1813.152
14 1818.343
16 1812.772
18 1817.755
20 1814.637
22 1816.463
24 1813.994
2 1808.316
4 1811.868
6 1817.025
8 1809.353
10 1808.835
12 1805.899
14 1816.982
16 1810.195
18 1811.925
20 1808.934
22 1816.019
24 1807.614
2 1810.962
4 1812.935
6 1811.176
8 1840.470
10 1813.225
12 1810.913
14 1814.032
16 1814.752
18 1821.115
20 1813.407
22 1816.446
24 1811.086
2 1807.259
4 1815.656
6 1812.866
8 1816.558
10 1844.818
12 1851.312
14 1843.281
16 1810.777
18 1814.674
20 1841.339
22 1848.888
24 1843.711
2 1826.095
4 1841.844
6 1824.073
8 1822.459
10 1841.432
12 1823.075
14 1811.542
16 1822.372
18 1810.307
20 1813.796
22 1816.317
24 1812.581
2 1816.841
4 1813.404
6 1817.473
8 1818.072
10 1817.138
12 1821.169
14 1817.210
16 1818.567
18 1813.253
20 1818.916
22 1821.807
24 1821.110
2 1824.336
4 1821.537
6 1821.691
8 1821.111
10 1818.409
12 1822.127
14 1820.458
16 1821.423
18 1821.195
20 1823.770
22 1820.160
24 1816.159
2 1858.257
4 1824.414
6 1819.669
8 1822.258
10 1821.187
12 1821.867
14 1823.148
16 1825.327
18 1823.886
20 1823.731
22 1822.443
24 1820.922
2 1823.261
4 1824.582
6 1824.593
8 1824.749
10 1822.755
12 1820.445
14 1824.416
16 1820.482
18 1826.743
20 1824.869
22 1823.335
24 1825.818
2 1821.925
4 1827.518
6 1819.064
8 1823.783
10 1854.168
12 1822.255
14 1823.238
16 1818.686
18 1824.684
20 1820.352
22 1821.282
24 1826.235
2 1822.581
4 1827.206
6 1825.401
8 1824.369
10 1825.491
12 1825.474
14 1821.019
16 1819.764
18 1824.497
20 1826.326
22 1825.335
24 1822.415
2 1823.356
4 1824.750
6 1822.647
8 1857.899
10 1823.095
12 1822.941
14 1827.106
16 1818.087
18 1815.628
20 1820.555
22 1825.461
24 1823.769
2 1826.546
4 1826.492
6 1818.756
8 1824.858
10 1824.001
12 1825.260
14 1827.975
16 1818.258
18 1821.060
20 1844.155
22 1825.228
24 1839.498
2 1846.742
4 1838.147
6 1838.711
8 1843.388
10 1842.874
12 1847.748
14 1840.836
16 1851.499
18 1839.069
20 1821.902
22 1846.836
24 1836.436
2 1822.221
4 1820.903
6 1824.649
8 1824.587
10 1818.927
12 1827.426
14 1816.700
16 1820.375
18 1821.736
20 1823.088
22 1826.091
24 1827.173
2 1826.292
4 1821.719
6 1825.885
8 1826.060
10 1821.467
12 1822.277
14 1822.003
16 1819.953
18 1823.824
20 1821.934
22 1824.300
24 1821.154
2 1824.047
4 1822.787
6 1826.121
8 1821.282
10 1820.314
12 1822.992
14 1823.334
16 1837.922
18 1819.389
20 1823.413
22 1818.684
24 1820.987
2 1820.148
4 1823.211
6 1827.204
8 1819.049
10 1819.852
12 1815.918
14 1824.006
16 1824.122
18 1822.827
20 1825.756
22 1825.698
24 1827.355
