2 554.274
4 300.549
6 222.324
8 205.084
10 182.442
12 140.863
14 125.235
16 112.553
18 109.530
20 94.713
22 82.459
24 93.505
2 543.080
4 313.926
6 207.792
8 189.349
10 130.698
12 147.193
14 123.174
16 113.857
18 103.929
20 95.845
22 101.303
24 95.122
2 546.068
4 315.635
6 223.966
8 206.497
10 132.442
12 137.793
14 122.049
16 110.197
18 97.612
20 93.510
22 91.209
24 86.053
2 513.588
4 323.463
6 204.190
8 155.996
10 149.001
12 108.371
14 140.459
16 127.253
18 101.794
20 90.281
22 93.715
24 213.460
2 544.851
4 322.041
6 224.648
8 163.840
10 173.828
12 146.539
14 119.674
16 120.125
18 95.993
20 107.131
22 84.933
24 103.165
2 547.134
4 304.888
6 219.820
8 175.158
10 143.178
12 141.963
14 131.877
16 107.168
18 101.537
20 98.589
22 89.088
24 90.250
2 561.050
4 314.002
6 217.981
8 181.864
10 129.956
12 134.156
14 130.174
16 120.192
18 102.559
20 98.206
22 97.230
24 114.209
2 549.836
4 311.823
6 218.507
8 172.377
10 176.871
12 153.859
14 117.211
16 121.168
18 96.915
20 108.562
22 87.034
24 84.258
2 541.093
4 306.919
6 219.241
8 174.735
10 136.579
12 129.008
14 137.476
16 110.411
18 110.178
20 107.841
22 89.832
24 92.088
2 547.451
4 316.126
6 219.240
8 178.548
10 157.994
12 126.403
14 121.317
16 115.688
18 115.678
20 94.117
22 100.728
24 83.577
