2 895.660
4 893.416
6 892.668
8 893.330
10 896.471
12 893.814
14 891.711
16 892.352
18 896.425
20 893.368
22 892.255
24 894.067
2 891.441
4 894.097
6 892.125
8 893.796
10 891.740
12 897.065
14 890.277
16 893.933
18 892.449
20 897.180
22 892.859
24 892.834
2 893.173
4 920.932
6 914.034
8 893.781
10 905.897
12 895.255
14 892.555
16 892.018
18 892.431
20 891.736
22 891.945
24 891.683
2 891.309
4 892.118
6 895.720
8 891.441
10 891.305
12 891.862
14 894.871
16 891.873
18 892.478
20 890.908
22 894.953
24 890.745
2 892.162
4 890.514
6 890.672
8 891.105
10 892.614
12 892.471
14 891.224
16 893.137
18 891.355
20 891.800
22 891.752
24 895.956
2 891.614
4 891.276
6 892.960
8 894.259
10 892.340
12 892.182
14 892.018
16 892.960
18 891.358
20 890.687
22 891.986
24 893.047
2 896.812
4 890.492
6 891.990
8 890.879
10 892.788
12 890.192
14 889.910
16 891.183
18 899.330
20 896.025
22 890.330
24 890.442
2 893.269
4 889.761
6 891.014
8 890.638
10 889.758
12 888.209
14 913.468
16 911.076
18 892.025
20 917.327
22 893.323
24 911.828
2 913.221
4 895.972
6 915.764
8 913.576
10 893.593
12 897.405
14 893.151
16 915.172
18 914.821
20 915.320
22 892.831
24 892.600
2 913.572
4 898.157
6 914.980
8 891.960
10 904.964
12 918.753
14 912.772
16 914.383
18 893.031
20 893.802
22 892.604
24 909.899
2 894.133
4 893.467
6 893.027
8 892.193
10 893.888
12 893.219
14 893.801
16 893.100
18 896.829
20 893.746
22 893.789
24 892.613
2 922.259
4 894.186
6 892.402
8 892.096
10 913.576
12 893.300
14 891.954
16 891.669
18 896.711
20 893.276
22 891.196
24 893.001
2 893.298
4 893.040
6 892.209
8 893.801
10 893.148
12 896.599
14 892.773
16 894.117
18 893.197
20 897.123
22 893.101
24 892.762
2 892.525
4 893.809
6 892.672
8 893.475
10 893.951
12 893.213
14 892.983
16 892.790
18 893.124
20 892.561
22 895.456
24 892.953
2 891.707
4 893.119
6 896.001
8 891.941
10 892.851
12 893.418
14 916.483
16 892.751
18 893.602
20 893.343
22 893.532
24 892.610
2 892.604
4 893.152
6 893.863
8 892.019
10 892.645
12 892.578
14 893.539
16 907.684
18 892.713
20 892.514
22 892.879
24 896.471
2 892.257
4 892.213
6 892.991
8 895.437
10 891.473
12 892.388
14 891.195
16 892.407
18 895.202
20 891.148
22 892.389
24 891.865
2 895.548
4 891.658
6 892.861
8 891.703
10 895.225
12 889.877
14 893.767
16 914.585
18 896.515
20 893.985
22 892.070
24 892.635
2 895.450
4 892.362
6 893.373
8 891.854
10 892.955
12 934.568
14 893.970
16 894.395
18 893.214
20 896.473
22 892.568
24 893.007
2 893.603
4 895.700
6 893.813
8 892.642
10 893.263
12 895.939
14 894.249
16 893.118
18 892.946
20 894.288
22 892.782
24 893.784
