2 1271.237
4 634.429
6 444.569
8 323.083
10 280.107
12 248.009
14 239.655
16 221.040
18 185.878
20 180.810
22 182.115
24 167.104
2 1288.240
4 702.732
6 450.828
8 341.205
10 283.667
12 265.308
14 229.196
16 201.574
18 197.384
20 178.862
22 173.176
24 195.412
2 1273.830
4 633.365
6 446.619
8 324.545
10 287.643
12 253.321
14 249.787
16 213.916
18 200.297
20 186.577
22 170.931
24 180.598
2 1257.500
4 634.413
6 470.195
8 333.236
10 252.374
12 259.371
14 241.013
16 210.444
18 198.748
20 187.544
22 186.234
24 171.275
2 1336.327
4 649.484
6 446.680
8 342.872
10 267.974
12 241.950
14 231.497
16 208.864
18 192.054
20 178.375
22 184.478
24 172.628
2 1363.066
4 697.799
6 438.387
8 331.561
10 266.526
12 245.706
14 250.002
16 218.540
18 201.436
20 183.682
22 197.925
24 187.310
2 1338.438
4 644.468
6 453.341
8 330.334
10 307.258
12 238.037
14 241.548
16 202.866
18 208.463
20 188.523
22 165.175
24 193.278
2 1357.858
4 643.570
6 453.568
8 335.094
10 291.763
12 267.450
14 246.852
16 220.384
18 182.966
20 188.899
22 175.621
24 185.035
2 1329.835
4 676.058
6 445.835
8 350.596
10 285.319
12 273.441
14 246.731
16 223.467
18 187.505
20 188.425
22 182.445
24 190.333
2 1299.093
4 667.154
6 452.635
8 348.812
10 324.702
12 254.647
14 226.944
16 225.151
18 210.111
20 183.729
22 177.421
24 191.059
2 1339.574
4 638.773
6 441.906
8 351.672
10 269.764
12 242.420
14 250.054
16 218.067
18 193.346
20 185.308
22 187.282
24 164.817
2 1331.030
4 641.322
6 465.024
8 355.023
10 317.634
12 265.531
14 239.769
16 222.245
18 197.176
20 191.647
22 174.003
24 180.220
2 1315.463
4 625.129
6 456.520
8 379.221
10 281.874
12 273.846
14 227.295
16 202.632
18 186.117
20 194.551
22 173.175
24 263.986
2 1278.893
4 646.931
6 454.264
8 357.652
10 313.146
12 243.187
14 245.664
16 219.956
18 202.490
20 181.691
22 195.000
24 196.657
2 1296.176
4 644.667
6 459.127
8 354.402
10 286.037
12 297.926
14 225.711
16 228.755
18 195.448
20 196.829
22 176.495
24 365.726
2 1367.905
4 632.559
6 448.996
8 350.432
10 297.421
12 268.741
14 226.368
16 226.847
18 257.396
20 186.786
22 182.555
24 196.307
2 1282.051
4 678.152
6 445.428
8 358.132
10 289.148
12 282.783
14 228.465
16 217.318
18 193.780
20 181.598
22 186.165
24 170.353
2 1300.323
4 673.124
6 445.489
8 360.552
10 315.058
12 252.533
14 235.920
16 222.035
18 187.758
20 192.592
22 190.727
24 208.215
2 1296.214
4 674.854
6 474.548
8 345.899
10 286.906
12 256.506
14 236.580
16 217.102
18 195.352
20 180.629
22 170.206
24 216.247
2 1272.083
4 645.903
6 441.702
8 334.755
10 285.366
12 243.544
14 247.930
16 221.147
18 190.643
20 181.984
22 180.310
24 186.516
