2 1409.912
4 751.350
6 519.022
8 427.000
10 336.887
12 318.343
14 343.635
16 343.451
18 322.630
20 320.671
22 300.967
24 323.867
2 1396.297
4 741.388
6 522.048
8 407.596
10 351.350
12 356.616
14 351.554
16 334.287
18 339.936
20 298.774
22 288.492
24 287.865
2 1433.273
4 745.841
6 523.068
8 439.956
10 348.317
12 324.901
14 331.776
16 329.689
18 333.676
20 316.602
22 292.298
24 332.572
2 1420.486
4 739.484
6 503.849
8 409.331
10 334.277
12 317.307
14 363.742
16 350.960
18 331.385
20 326.463
22 285.380
24 312.050
2 1428.894
4 734.345
6 499.842
8 412.803
10 370.258
12 316.926
14 355.158
16 344.186
18 337.224
20 306.660
22 303.897
24 309.487
2 1419.562
4 746.927
6 518.562
8 421.719
10 425.086
12 325.870
14 333.711
16 330.527
18 332.674
20 289.457
22 280.834
24 333.945
2 1423.014
4 753.841
6 530.063
8 426.292
10 365.047
12 372.204
14 321.209
16 343.144
18 322.854
20 323.993
22 279.900
24 307.277
2 1415.674
4 743.819
6 511.740
8 419.688
10 342.908
12 324.292
14 347.304
16 343.995
18 309.864
20 280.934
22 306.534
24 286.871
2 1418.689
4 742.686
6 509.502
8 400.536
10 332.365
12 319.087
14 347.005
16 325.463
18 313.076
20 302.092
22 307.748
24 298.461
2 1409.823
4 718.487
6 519.814
8 406.678
10 342.599
12 319.077
14 356.106
16 352.614
18 307.136
20 318.673
22 304.718
24 321.037
