2 1090.319
4 638.596
6 430.117
8 323.495
10 278.485
12 246.545
14 301.440
16 572.975
18 672.312
20 760.888
22 801.704
24 950.666
2 1119.027
4 643.155
6 433.391
8 342.250
10 283.938
12 260.905
14 401.031
16 564.930
18 662.143
20 762.245
22 839.655
24 915.414
2 1112.670
4 637.054
6 428.256
8 334.452
10 290.149
12 248.640
14 293.362
16 579.820
18 656.112
20 744.855
22 818.581
24 933.261
2 1122.224
4 641.303
6 428.669
8 346.612
10 287.490
12 250.038
14 330.684
16 581.555
18 639.322
20 753.684
22 814.062
24 891.305
2 1103.800
4 628.164
6 433.058
8 326.507
10 286.456
12 263.040
14 332.553
16 556.231
18 675.244
20 768.396
22 836.185
24 947.313
2 1124.151
4 629.995
6 434.808
8 348.756
10 285.581
12 252.132
14 340.537
16 564.781
18 649.798
20 762.338
22 850.517
24 928.148
2 1103.756
4 644.939
6 454.104
8 341.659
10 277.057
12 253.093
14 279.623
16 581.108
18 643.898
20 773.163
22 835.480
24 957.958
2 1111.097
4 653.973
6 439.731
8 345.272
10 284.713
12 253.035
14 348.449
16 588.981
18 673.598
20 706.051
22 816.059
24 942.150
2 1126.610
4 644.532
6 424.739
8 320.368
10 287.468
12 245.137
14 282.461
16 567.804
18 681.072
20 771.625
22 817.962
24 889.850
2 1122.287
4 632.518
6 429.958
8 309.583
10 288.163
12 262.672
14 402.012
16 579.721
18 669.292
20 751.507
22 805.971
24 943.528
2 1114.326
4 621.766
6 437.968
8 332.659
10 285.117
12 263.938
14 315.573
16 520.765
18 668.702
20 734.215
22 826.264
24 944.487
2 1121.146
4 644.434
6 440.304
8 342.549
10 282.405
12 254.849
14 288.881
16 583.297
18 639.556
20 755.979
22 825.141
24 851.647
2 1130.553
4 610.688
6 424.630
8 337.765
10 282.085
12 244.643
14 252.376
16 502.131
18 658.523
20 702.656
22 783.608
24 881.959
2 1124.900
4 639.744
6 445.607
8 333.734
10 287.713
12 256.521
14 334.693
16 567.676
18 682.458
20 720.579
22 851.134
24 934.219
2 1089.272
4 648.459
6 446.079
8 329.204
10 287.095
12 244.574
14 376.163
16 546.338
18 644.545
20 763.594
22 842.903
24 921.488
2 1101.589
4 629.992
6 418.351
8 331.233
10 286.182
12 248.590
14 297.960
16 551.874
18 677.989
20 738.969
22 848.605
24 908.200
2 1108.473
4 646.197
6 431.310
8 330.267
10 279.617
12 256.757
14 334.158
16 545.159
18 674.389
20 773.932
22 843.662
24 893.893
2 1124.676
4 641.634
6 436.663
8 341.519
10 281.343
12 258.387
14 268.186
16 558.250
18 673.053
20 757.175
22 802.571
24 892.193
2 1106.988
4 629.297
6 441.858
8 343.582
10 286.791
12 262.170
14 324.180
16 596.286
18 636.615
20 769.596
22 836.660
24 909.227
2 1067.452
4 629.262
6 443.566
8 337.467
10 287.875
12 249.131
14 352.960
16 580.657
18 651.579
20 734.440
22 861.712
24 945.248
