2 535.508
4 361.637
6 364.969
8 343.113
10 376.822
12 385.632
14 529.746
16 560.509
18 683.682
20 731.877
22 804.206
24 903.079
2 534.163
4 370.092
6 368.145
8 355.612
10 374.030
12 353.081
14 531.368
16 623.672
18 664.487
20 732.857
22 770.386
24 887.578
2 530.009
4 358.570
6 363.585
8 355.674
10 373.428
12 395.051
14 526.202
16 608.601
18 648.636
20 756.318
22 763.930
24 821.361
2 537.874
4 370.082
6 366.499
8 339.664
10 372.554
12 350.743
14 464.476
16 610.448
18 691.918
20 755.590
22 793.453
24 949.425
2 532.284
4 366.542
6 365.044
8 332.397
10 364.047
12 383.746
14 470.250
16 549.712
18 649.065
20 777.621
22 802.865
24 1036.815
2 535.707
4 366.564
6 354.630
8 336.158
10 371.425
12 374.078
14 518.374
16 607.438
18 656.840
20 761.673
22 853.339
24 913.053
2 537.678
4 355.423
6 366.665
8 324.539
10 363.431
12 383.096
14 443.200
16 589.889
18 658.510
20 739.496
22 846.581
24 891.513
2 533.828
4 371.703
6 350.799
8 362.569
10 377.718
12 367.341
14 492.440
16 620.894
18 663.956
20 711.240
22 813.579
24 926.466
2 530.851
4 368.977
6 362.398
8 331.468
10 351.609
12 351.533
14 493.231
16 613.749
18 650.279
20 737.692
22 828.408
24 866.490
2 536.573
4 356.694
6 353.377
8 361.180
10 378.308
12 384.384
14 506.736
16 615.189
18 653.317
20 755.162
22 749.897
24 845.936
