2 1618.659
4 1623.847
6 1617.446
8 1649.342
10 1618.903
12 1618.228
14 1622.047
16 1618.579
18 1622.481
20 1621.399
22 1618.165
24 1667.068
2 1617.638
4 1619.602
6 1621.981
8 1618.501
10 1653.159
12 1618.237
14 1618.246
16 1622.578
18 1619.126
20 1618.470
22 1621.715
24 1619.268
2 1621.738
4 1618.455
6 1618.169
8 1623.165
10 1646.364
12 1617.717
14 1621.131
16 1618.273
18 1620.530
20 1617.521
22 1618.355
24 1620.872
2 1617.722
4 1621.228
6 1620.196
8 1618.180
10 1664.876
12 1618.159
14 1620.176
16 1620.823
18 1617.419
20 1620.981
22 1617.328
24 1618.905
2 1622.335
4 1618.671
6 1619.104
8 1618.257
10 1618.576
12 1653.469
14 1653.623
16 1619.441
18 1620.254
20 1618.277
22 1620.019
24 1617.148
2 1620.330
4 1620.362
6 1617.692
8 1620.949
10 1621.591
12 1617.936
14 1620.721
16 1618.746
18 1617.178
20 1620.885
22 1617.851
24 1619.526
2 1617.838
4 1617.430
6 1622.638
8 1617.870
10 1619.162
12 1620.919
14 1617.322
16 1622.392
18 1620.790
20 1617.704
22 1623.445
24 1616.982
2 1620.299
4 1623.661
6 1618.515
8 1621.618
10 1617.514
12 1617.338
14 1659.563
16 1618.802
18 1620.039
20 1618.284
22 1618.455
24 1644.168
2 1617.363
4 1617.977
6 1621.156
8 1618.129
10 1621.731
12 1616.976
14 1618.878
16 1620.286
18 1617.975
20 1617.351
22 1617.554
24 1618.631
2 1620.590
4 1618.498
6 1617.301
8 1620.790
10 1618.166
12 1618.119
14 1617.527
16 1618.351
18 1621.851
20 1618.975
22 1617.304
24 1649.794
